    1  290 1300 2560
    9  302 1363 2557
   10  444 1765 2523
   32  380 1485 2545
   34  452 1777 2522
   55  352 1416 2594
   56  530 1275 2599
   74  371 1590 2595
   84  577 1707 2509
  120  380 1449 2552
  131  367 1538 2596
  132  531 1287 2599
  201  553 1302 2600
    1  290 1300 2560
    9  302 1363 2557
   10  444 1765 2523
   32  380 1485 2545
   34  452 1777 2522
   56  352 1416 2594
   57  530 1275 2599
   75  371 1590 2595
   83  577 1707 2509
  113  380 1449 2552
  121  367 1538 2596
  123  531 1287 2599
  144  333 1143 2151
  151  297 1380 2524
  153  340 2028 2502
  168  448 1717 2543
  179  353 1136 2501
  182  481 1295 1696
  216  290 1676 2612
  217  443 1679 2529
  230  423 1388 2505
  242  326 1452 2545
  243  343 2035 2504
  268  221 1141 2139
  278  348 1030 1466
  292  610  939 2242
  315  253 1505 2528
  326  367 1722 2287
  332  646 1551 2459
  353  380 1473 2548
  360  350 1561 2592
  373  328 1446 2550
  378  446 1773 2522
  402  371 1459 2551
  410  366 1539 2596
  414  531 1287 2599
  441  354 1118 2553
  507  360 1164 2553
    1  295 1283 2559
    9  303 1361 2556
   10  444 1765 2523
   32  380 1485 2545
   34  452 1777 2522
   56  352 1416 2594
   57  530 1275 2599
   75  371 1590 2595
   83  577 1707 2509
  113  380 1449 2552
  121  367 1538 2596
  123  531 1287 2599
  144  333 1143 2151
  151  297 1380 2524
  153  340 2028 2502
  168  448 1717 2543
  179  353 1136 2501
  182  481 1295 1696
  216  290 1676 2612
  217  443 1679 2529
  230  423 1388 2505
  242  326 1452 2545
  243  343 2035 2504
  268  221 1141 2139
  278  348 1030 1466
  292  610  939 2242
  315  253 1505 2528
  326  367 1722 2287
  332  646 1551 2459
  353  380 1473 2548
  360  350 1561 2592
  373  328 1446 2550
  378  446 1773 2522
  402  371 1459 2551
  410  366 1539 2596
  414  531 1287 2599
  441  354 1118 2553
  507  360 1164 2553
    1  295 1283 2559
    9  303 1361 2556
   10  444 1765 2523
   32  380 1485 2545
   34  452 1777 2522
   56  352 1416 2594
   57  530 1275 2599
   75  371 1590 2595
   83  577 1707 2509
  113  380 1449 2552
  121  367 1538 2596
  123  531 1287 2599
  144  333 1143 2151
  151  297 1380 2524
  153  340 2028 2502
  168  448 1717 2543
  179  353 1136 2501
  182  481 1295 1696
  216  290 1676 2612
  217  443 1679 2529
  230  423 1388 2505
  242  326 1452 2545
  243  343 2035 2504
  268  221 1141 2139
  278  348 1030 1466
  292  610  939 2242
  315  253 1505 2528
  326  367 1722 2287
  332  646 1551 2459
  353  380 1473 2548
  360  350 1561 2592
  373  328 1446 2550
  378  446 1773 2522
  402  371 1459 2551
  410  366 1539 2596
  414  531 1287 2599
  441  354 1118 2553
  507  360 1164 2553
    1  340 1100 2080
   14  352 1071 2096
   18  494  890 2279
   44  614 1171 2502
   47  619 1170 2545
   67  426 1341 2510
   72  235 1423 2501
   78  347 1107 1544
   81  529 1244 2344
   98  382 1815 2328
  100  578 1729 2482
  115  429 1376 2509
  120  234 1461 2587
  132  324 1308 2477
  133  478 1312 1693
  150  307 1411 2272
  151  341 2031 2477
  173  395 1149 2141
  188  696 1194 2626
  236  331 1184 2104
  302  307 1173 2120
    1  295  766 2240
   10  299  858 2279
   22  344 1750 2597
   56  238 1514 2551
   64  563 1699 2505
   95  371 1731 2295
  108  373 1532 2569
  116  613  989 2502
  141  388 1658 2266
  142  533 1299 2566
  158  553 1302 2600
    1  596 1667 2507
    6  599 1714 2500
   25  429 1376 2509
   31  232 1387 2566
   38  294  935 2303
   50  344 1758 2600
   84  259 1200 2139
  124  635 1499 2445
  202  677 1547 2479
  245  677 1547 2479
  253  677 1547 2479
  261  677 1547 2479
  282  387 1713 2291
  283  533 1305 2569
  353  553 1302 2600
    1  439 1335 2507
   10  444 1332 2507
   21  683 1213 2635
   41  550 1220 2595
   64  344 1130 2125
   65  574 1511 2480
   87  482 1011 2928
   88  543 1235 2632
  104  243 1080 2232
  115  344  872 2745
  128  385 1098 2094
  129  484 1291 1655
  149  352  865 2868
  156  449 1565 2554
  175  447 1337 2508
  176  539 1267 2590
  192  361 1684 2296
  207  343 1490 2527
  211  574 1697 2502
  233  341 1337 2568
  239  312  782 2270
  241  571 1476 2327
  258  501  982 2910
  261  590 1421 2540
  283  343 1398 2591
  296  322 1452 2549
  302  342 2035 2504
  330  343 2100 2525
  366  350 2037 2765
    1  299  874 2288
   13  303  763 2257
   21  444 1555 2343
   43  421 1367 2497
   51  250 1429 2584
   59  511 1087 2503
  105  328 1355 2580
  117  307 1434 2598
    1  577 1684 2507
    7  597 1716 2500
   26  429 1376 2509
   31  236 1499 2593
   40  343 1566 2538
   50  341 1072 1476
   54  367 1342 2067
   95  363 1423 2529
  100  450 1771 2520
  122  361 1718 2290
  131  325 1479 2534
  139  347 1647 2587
  140  345 2054 2508
  164  384 1133 2122
  174  497  896 2282
  213  275 1994 2508
  215  360 1434 2320
  243  426 1351 2487
  245  456 1647 2516
  268  355 1731 2290
  287  322 1458 2530
  353  341 1447 2552
    1  349 1747 2272
   14  363 1756 2266
   17  594 1228 2521
   42  357 1147 2550
   56  323 1390 2530
   67  348 1164 2186
   72  345 2006 2468
  101  344 1689 2285
  107  311  940 2261
  109  445 1498 2344
  132  392 1286 2511
  139  597 1181 2546
  183  374 1391 2550
  249  345 1438 2553
    1  298  799 2272
   10  299  862 2281
   22  344 1751 2598
   56  238 1514 2551
   64  563 1699 2505
   95  371 1731 2295
  108  373 1532 2569
  116  613  989 2502
  141  388 1658 2266
  142  533 1299 2566
  158  553 1302 2600
    1  596 1667 2507
    6  599 1714 2500
   25  429 1376 2509
   31  232 1387 2566
   38  294  935 2303
   50  344 1758 2600
   84  259 1200 2139
  124  635 1499 2445
  202  677 1547 2479
  245  677 1547 2479
  266  387 1713 2291
  267  533 1305 2569
  336  553 1302 2600
    1  439 1335 2507
   10  444 1332 2507
   21  683 1213 2635
   41  550 1220 2595
   64  344 1130 2125
   65  574 1511 2480
   87  482 1011 2928
   88  543 1235 2632
  104  243 1080 2232
  115  344  872 2745
  128  385 1098 2094
  129  484 1291 1655
  149  352  865 2868
  156  449 1565 2554
  175  447 1337 2508
  176  539 1267 2590
  192  361 1684 2296
  207  343 1490 2527
  211  574 1697 2502
  233  341 1337 2568
  239  312  782 2270
  241  571 1476 2327
  258  501  982 2910
  261  590 1421 2540
  283  343 1398 2591
  296  322 1452 2549
  302  342 2035 2504
  330  343 2100 2525
  366  350 2037 2765
    1  299  874 2288
   13  303  763 2257
   21  444 1555 2343
   43  421 1367 2497
   51  250 1429 2584
   59  511 1087 2503
  105  328 1355 2580
  117  307 1434 2598
    1  577 1684 2507
    7  597 1716 2500
   26  429 1376 2509
   31  236 1499 2593
   40  343 1566 2538
   50  341 1072 1476
   54  367 1342 2067
   95  363 1423 2529
  100  450 1771 2520
  122  361 1718 2290
  131  325 1479 2534
  139  347 1647 2587
  140  345 2054 2508
  164  384 1133 2122
  174  497  896 2282
  213  275 1994 2508
  215  360 1434 2320
  243  426 1351 2487
  245  456 1647 2516
  268  355 1731 2290
  287  322 1458 2530
  353  341 1447 2552
    1  349 1747 2272
   14  363 1756 2266
   17  594 1228 2521
   42  357 1147 2550
   56  323 1390 2530
   67  348 1164 2186
   72  345 2006 2468
  101  344 1689 2285
  107  311  940 2261
  109  445 1498 2344
  132  392 1286 2511
  139  597 1181 2546
  183  374 1391 2550
  249  345 1438 2553
    1  298  799 2272
   10  299  862 2281
   22  344 1751 2598
   56  238 1514 2551
   64  563 1699 2505
   95  371 1731 2295
  108  373 1532 2569
  116  613  989 2502
  141  388 1658 2266
  142  533 1299 2566
  158  553 1302 2600
    1  596 1667 2507
    6  599 1714 2500
   25  429 1376 2509
   31  232 1387 2566
   38  294  935 2303
   50  344 1758 2600
   84  259 1200 2139
  124  635 1499 2445
  202  677 1547 2479
  245  677 1547 2479
  266  387 1713 2291
  267  533 1305 2569
  336  553 1302 2600
    1  439 1335 2507
   10  444 1332 2507
   21  683 1213 2635
   41  550 1220 2595
   64  344 1130 2125
   65  574 1511 2480
   87  482 1011 2928
   88  543 1235 2632
  104  243 1080 2232
  115  344  872 2745
  128  385 1098 2094
  129  484 1291 1655
  149  352  865 2868
  156  449 1565 2554
  175  447 1337 2508
  176  539 1267 2590
  192  361 1684 2296
  207  343 1490 2527
  211  574 1697 2502
  233  341 1337 2568
  239  312  782 2270
  241  571 1476 2327
  258  501  982 2910
  261  590 1421 2540
  283  343 1398 2591
  296  322 1452 2549
  302  342 2035 2504
  330  343 2100 2525
  366  350 2037 2765
    1  299  874 2288
   13  303  763 2257
   21  444 1555 2343
   43  421 1367 2497
   51  250 1429 2584
   59  511 1087 2503
  105  328 1355 2580
  117  307 1434 2598
    1  577 1684 2507
    7  597 1716 2500
   26  429 1376 2509
   31  236 1499 2593
   40  343 1566 2538
   50  341 1072 1476
   54  367 1342 2067
   95  363 1423 2529
  100  450 1771 2520
  122  361 1718 2290
  131  325 1479 2534
  139  347 1647 2587
  140  345 2054 2508
  164  384 1133 2122
  174  497  896 2282
  213  275 1994 2508
  215  360 1434 2320
  243  426 1351 2487
    1  304  788 2267
   10  299  860 2281
   22  344 1751 2598
   56  238 1514 2551
   64  563 1699 2505
   95  371 1731 2295
  108  373 1532 2569
  116  613  989 2502
  141  388 1658 2266
  142  533 1299 2566
  158  553 1302 2600
    1  596 1667 2507
    6  599 1714 2500
   25  429 1376 2509
   31  232 1387 2566
   38  294  935 2303
   50  344 1758 2600
   84  259 1200 2139
  124  635 1499 2445
  202  677 1547 2479
  245  677 1547 2479
  266  387 1713 2291
  267  533 1305 2569
  336  553 1302 2600
    1  439 1335 2507
   10  444 1332 2507
   21  683 1213 2635
   41  550 1220 2595
   64  344 1130 2125
   65  574 1511 2480
   87  482 1011 2928
   88  543 1235 2632
  104  243 1080 2232
  115  344  872 2745
  128  385 1098 2094
  129  484 1291 1655
  149  352  865 2868
  156  449 1565 2554
  175  447 1337 2508
  176  539 1267 2590
  192  361 1684 2296
  207  343 1490 2527
  211  574 1697 2502
  233  341 1337 2568
  239  312  782 2270
  241  571 1476 2327
  258  501  982 2910
  261  590 1421 2540
  283  343 1398 2591
  296  322 1452 2549
  302  342 2035 2504
  330  343 2100 2525
  366  350 2037 2765
    1  299  874 2288
   13  303  763 2257
   21  444 1555 2343
   43  421 1367 2497
   51  250 1429 2584
   59  511 1087 2503
  105  328 1355 2580
  117  307 1434 2598
    1  577 1684 2507
    7  597 1716 2500
   26  429 1376 2509
   31  236 1499 2593
   40  343 1566 2538
   50  341 1072 1476
   54  367 1342 2067
   95  363 1423 2529
  100  450 1771 2520
  122  361 1718 2290
  131  325 1479 2534
  139  347 1647 2587
  140  345 2054 2508
  164  384 1133 2122
  174  497  896 2282
  213  275 1994 2508
  215  360 1434 2320
  243  426 1351 2487
  245  456 1647 2516
  268  355 1731 2290
  287  322 1458 2530
  353  341 1447 2552
    1  349 1747 2272
   14  363 1756 2266
   17  594 1228 2521
   42  357 1147 2550
   56  323 1390 2530
   67  348 1164 2186
   72  345 2006 2468
  101  344 1689 2285
  107  311  940 2261
  109  445 1498 2344
  132  392 1286 2511
  139  597 1181 2546
  183  374 1391 2550
  249  345 1438 2553
    1  298  799 2272
   10  299  862 2281
   22  344 1751 2598
   56  238 1514 2551
   64  563 1699 2505
   95  371 1731 2295
  108  373 1532 2569
  116  613  989 2502
  141  388 1658 2266
  142  533 1299 2566
  158  553 1302 2600
    1  596 1667 2507
    6  599 1714 2500
   25  429 1376 2509
   31  232 1387 2566
   38  294  935 2303
   50  344 1758 2600
   84  259 1200 2139
  111  635 1499 2445
  149  677 1547 2479
  167  677 1547 2479
  188  387 1713 2291
  189  533 1305 2569
  258  553 1302 2600
    1  439 1335 2507
   10  444 1332 2507
   21  683 1213 2635
   41  550 1220 2595
   64  344 1130 2125
   65  574 1511 2480
   87  482 1011 2928
   88  543 1235 2632
  104  243 1080 2232
  115  344  872 2745
  128  385 1098 2094
  129  484 1291 1655
  149  352  865 2868
  156  449 1565 2554
  175  447 1337 2508
  176  539 1267 2590
  192  361 1684 2296
  207  343 1490 2527
  211  574 1697 2502
  233  341 1337 2568
  239  312  782 2270
  241  571 1476 2327
  258  501  982 2910
  261  590 1421 2540
  283  343 1398 2591
  296  322 1452 2549
  302  342 2035 2504
  330  343 2100 2525
  366  350 2037 2765
    1  299  874 2288
   13  303  763 2257
   21  444 1555 2343
   43  421 1367 2497
   51  250 1429 2584
   59  511 1087 2503
  105  328 1355 2580
  117  307 1434 2598
    1  577 1684 2507
    7  597 1716 2500
   26  429 1376 2509
   31  236 1499 2593
   40  343 1566 2538
   50  341 1072 1476
   54  367 1342 2067
   95  363 1423 2529
  100  450 1771 2520
  122  361 1718 2290
  131  325 1479 2534
  139  347 1647 2587
  140  345 2054 2508
  164  384 1133 2122
  174  497  896 2282
  213  275 1994 2508
  215  360 1434 2320
  243  426 1351 2487
  245  456 1647 2516
  268  355 1731 2290
  287  322 1458 2530
  353  341 1447 2552
    1  349 1747 2272
   14  363 1756 2266
   17  594 1228 2521
   42  357 1147 2550
   56  323 1390 2530
   67  348 1164 2186
   72  345 2006 2468
  101  344 1689 2285
  107  311  940 2261
  109  445 1498 2344
  132  392 1286 2511
  139  597 1181 2546
  183  374 1391 2550
  249  345 1438 2553
    1  298  799 2272
   10  299  862 2281
   22  344 1751 2598
   56  238 1514 2551
   64  563 1699 2505
   95  371 1731 2295
  108  373 1532 2569
  116  613  989 2502
  141  388 1658 2266
  142  533 1299 2566
  158  553 1302 2600
    1  596 1667 2507
    6  599 1714 2500
   25  429 1376 2509
   31  232 1387 2566
   38  294  935 2303
   50  344 1758 2600
   84  259 1200 2139
  111  635 1499 2445
  149  677 1547 2479
  167  677 1547 2479
  188  387 1713 2291
  189  533 1305 2569
  258  553 1302 2600
    1  439 1335 2507
   10  444 1332 2507
   21  683 1213 2635
   41  550 1220 2595
   64  344 1130 2125
   65  574 1511 2480
   87  482 1011 2928
   88  543 1235 2632
  104  243 1080 2232
  115  344  872 2745
  128  385 1098 2094
  129  484 1291 1655
  149  352  865 2868
  156  449 1565 2554
  175  447 1337 2508
  176  539 1267 2590
  192  361 1684 2296
  207  343 1490 2527
  211  574 1697 2502
  233  341 1337 2568
  239  312  782 2270
  241  571 1476 2327
  258  501  982 2910
  261  590 1421 2540
  283  343 1398 2591
  296  322 1452 2549
  302  342 2035 2504
  330  343 2100 2525
  366  350 2037 2765
    1  299  874 2288
   13  303  763 2257
   21  444 1555 2343
   43  421 1367 2497
   51  250 1429 2584
   59  511 1087 2503
  105  328 1355 2580
  117  307 1434 2598
    1  577 1684 2507
    7  597 1716 2500
   26  429 1376 2509
   31  236 1499 2593
   40  343 1566 2538
   50  341 1072 1476
   54  367 1342 2067
   95  363 1423 2529
  100  450 1771 2520
  122  361 1718 2290
  131  325 1479 2534
  139  347 1647 2587
  140  345 2054 2508
  164  384 1133 2122
  174  497  896 2282
  213  275 1994 2508
  215  360 1434 2320
  243  426 1351 2487
  245  456 1647 2516
  268  355 1731 2290
  287  322 1458 2530
  353  341 1447 2552
    1  349 1747 2272
   14  363 1756 2266
   21  594 1228 2521
   52  357 1147 2550
   71  322 1385 2550
   93  322 1375 2520
  106  347 1134 2177
  172  368 1166 2185
    1  300  765 2245
   10  299  857 2279
   22  344 1750 2597
   56  238 1514 2551
   64  563 1699 2505
   95  371 1731 2295
  108  373 1532 2569
  116  613  989 2502
  141  388 1658 2266
  142  533 1299 2566
  158  553 1302 2600
    1  596 1667 2507
    6  599 1714 2500
   25  429 1376 2509
   31  232 1387 2566
   38  294  935 2303
   50  344 1758 2600
   84  259 1200 2139
  111  635 1499 2445
  149  677 1547 2479
  167  677 1547 2479
  188  387 1713 2291
  189  533 1305 2569
  258  553 1302 2600
    1  439 1335 2507
   10  444 1332 2507
   21  683 1213 2635
   41  550 1220 2595
   64  344 1130 2125
   65  574 1511 2480
   87  482 1011 2928
   88  543 1235 2632
  104  243 1080 2232
  115  344  872 2745
  128  385 1098 2094
  129  484 1291 1655
  149  352  865 2868
  156  449 1565 2554
  175  447 1337 2508
  176  539 1267 2590
  192  361 1684 2296
  207  343 1490 2527
  211  574 1697 2502
  233  341 1337 2568
  239  312  782 2270
  241  571 1476 2327
  258  501  982 2910
  261  590 1421 2540
  283  343 1398 2591
  296  322 1452 2549
  302  342 2035 2504
  330  343 2100 2525
  366  350 2037 2765
    1  299  874 2288
   13  303  763 2257
   21  444 1555 2343
   43  421 1367 2497
   51  250 1429 2584
   59  511 1087 2503
  105  328 1355 2580
  117  307 1434 2598
    1  577 1684 2507
    7  597 1716 2500
   26  429 1376 2509
   31  236 1499 2593
   40  343 1566 2538
   50  341 1072 1476
   54  367 1342 2067
   95  363 1423 2529
  100  450 1771 2520
  122  361 1718 2290
  131  325 1479 2534
  139  347 1647 2587
  140  345 2054 2508
  164  384 1133 2122
  174  497  896 2282
  213  275 1994 2508
  215  360 1434 2320
  243  426 1351 2487
  245  456 1647 2516
  268  355 1731 2290
  287  322 1458 2530
  353  341 1447 2552
    1  349 1747 2272
   14  363 1756 2266
   17  594 1228 2521
   37  357 1147 2550
   56  322 1385 2550
   70  321 1402 2530
   81  348 1165 2186
   86  345 2006 2468
  115  344 1689 2285
  121  311  940 2261
  123  445 1498 2344
  146  392 1286 2511
  153  597 1181 2546
  197  374 1391 2550
  263  345 1438 2553
    1  349 1746 2272
   14  363 1756 2266
   23  594 1228 2521
   63  358 1107 2550
   75  360 1163 2553
    1  322 1387 2550
   15  321 1402 2530
   26  348 1165 2186
   31  345 2006 2468
   60  344 1689 2285
   66  311  940 2261
   68  445 1498 2344
   91  392 1286 2511
   98  597 1181 2546
  142  374 1391 2550
  208  345 1438 2553
    1  298  799 2272
   10  299  862 2281
   22  344 1751 2598
   56  238 1514 2551
   64  563 1699 2505
   95  371 1731 2295
  108  373 1532 2569
  116  613  989 2502
  141  388 1658 2266
  142  533 1299 2566
  158  553 1302 2600
    1  596 1667 2507
    6  599 1714 2500
   25  429 1376 2509
   31  232 1387 2566
   38  294  935 2303
   50  344 1758 2600
   84  259 1200 2139
  111  635 1499 2445
  149  677 1547 2479
  167  677 1547 2479
  188  387 1713 2291
  189  533 1305 2569
  258  553 1302 2600
    1  439 1335 2507
   10  444 1332 2507
   21  683 1213 2635
   41  550 1220 2595
   64  344 1130 2125
   65  574 1511 2480
   87  482 1011 2928
   88  543 1235 2632
  104  243 1080 2232
  115  344  872 2745
  128  385 1098 2094
  129  484 1291 1655
  149  352  865 2868
  156  449 1565 2554
  175  447 1337 2508
  176  539 1267 2590
  192  361 1684 2296
  207  343 1490 2527
  211  574 1697 2502
  233  341 1337 2568
  239  312  782 2270
  241  571 1476 2327
  258  501  982 2910
  261  590 1421 2540
  283  343 1398 2591
  296  322 1452 2549
  302  342 2035 2504
  330  343 2100 2525
  366  350 2037 2765
    1  299  874 2288
   13  303  763 2257
   21  444 1555 2343
   43  421 1367 2497
   51  250 1429 2584
   59  511 1087 2503
  105  328 1355 2580
  117  307 1434 2598
    1  577 1684 2507
    7  597 1716 2500
   26  429 1376 2509
   31  236 1499 2593
   40  343 1566 2538
   50  341 1072 1476
   54  367 1342 2067
   95  363 1423 2529
  100  450 1771 2520
  122  361 1718 2290
  131  325 1479 2534
  139  347 1647 2587
  140  345 2054 2508
  164  384 1133 2122
  174  497  896 2282
  213  275 1994 2508
  215  360 1434 2320
  243  426 1351 2487
  245  456 1647 2516
  268  355 1731 2290
  287  322 1458 2530
  353  341 1447 2552
    1  349 1747 2272
   14  363 1756 2266
   23  594 1228 2521
   63  358 1107 2550
   75  360 1163 2553
    1  322 1387 2550
   15  321 1402 2530
   26  348 1165 2186
   31  345 2006 2468
   60  344 1689 2285
   66  311  940 2261
   68  445 1498 2344
   91  392 1286 2511
   98  597 1181 2546
  142  374 1391 2550
  208  345 1438 2553
    1  298  799 2272
   13  311  735 2258
   20  589 1126 2370
   53  383 1509 2585
   54  533 1284 2598
  123  553 1302 2600
    1  365 1729 2276
   14  364 1755 2266
   23  594 1228 2521
   63  358 1107 2550
   75  360 1163 2553
    1  322 1387 2550
   15  321 1402 2530
   26  348 1165 2186
   31  345 2006 2468
   60  344 1689 2285
   66  311  940 2261
   68  445 1498 2344
   91  392 1286 2511
   98  597 1181 2546
  142  374 1391 2550
  208  345 1438 2553
    1  349 1746 2272
   14  363 1756 2266
   23  594 1228 2521
   63  358 1107 2550
   75  360 1163 2553
    1  322 1387 2550
   15  321 1402 2530
   26  348 1165 2186
   31  345 2006 2468
   60  344 1689 2285
   66  311  940 2261
   68  445 1498 2344
   91  392 1286 2511
   98  597 1181 2546
  142  374 1391 2550
  208  345 1438 2553
    1  349 1746 2272
   17  363 1756 2266
   30  594 1228 2521
   78  358 1107 2550
  144  360 1163 2553
    1  322 1387 2550
   15  321 1402 2530
   26  348 1165 2186
   31  345 2006 2468
   60  344 1689 2285
   66  311  940 2261
   68  445 1498 2344
   91  392 1286 2511
   98  597 1181 2546
  142  374 1391 2550
  208  345 1438 2553
    1  349 1746 2272
   17  363 1756 2266
   30  594 1228 2521
   78  358 1107 2550
  144  360 1163 2553
    1  322 1387 2550
   15  321 1402 2530
   26  348 1165 2186
   31  345 2006 2468
   60  344 1689 2285
   66  311  940 2261
   68  445 1498 2344
   91  392 1286 2511
   98  597 1181 2546
  142  374 1391 2550
  208  345 1438 2553
    1  349 1746 2272
   17  363 1756 2266
   30  594 1228 2521
   78  358 1107 2550
  144  360 1163 2553
    1  322 1387 2550
   15  321 1402 2530
   26  348 1165 2186
   31  345 2006 2468
   60  344 1689 2285
   66  311  940 2261
   68  445 1498 2344
   91  392 1286 2511
   98  597 1181 2546
  142  374 1391 2550
  208  345 1438 2553
    1  298  799 2272
   10  299  862 2281
   22  344 1751 2598
   56  238 1514 2551
   64  563 1699 2505
   95  371 1731 2295
  108  373 1532 2569
  116  613  989 2502
  141  388 1658 2266
  142  533 1299 2566
  158  553 1302 2600
    1  596 1667 2507
    6  599 1714 2500
   25  429 1376 2509
   31  232 1387 2566
   38  294  935 2303
   50  344 1758 2600
   84  259 1200 2139
  111  635 1499 2445
  149  677 1547 2479
  167  677 1547 2479
  188  387 1713 2291
  189  533 1305 2569
  258  553 1302 2600
    1  439 1335 2507
   10  444 1332 2507
   21  683 1213 2635
   41  550 1220 2595
   64  344 1130 2125
   65  574 1511 2480
   87  482 1011 2928
   88  543 1235 2632
  104  243 1080 2232
  115  344  872 2745
  128  385 1098 2094
  129  484 1291 1655
  149  352  865 2868
  156  449 1565 2554
  175  447 1337 2508
  176  539 1267 2590
  192  361 1684 2296
  207  343 1490 2527
  211  574 1697 2502
  233  341 1337 2568
  239  312  782 2270
  241  571 1476 2327
  258  501  982 2910
  261  590 1421 2540
  283  343 1398 2591
  296  322 1452 2549
  302  342 2035 2504
  330  343 2100 2525
  366  350 2037 2765
    1  299  874 2288
   13  303  763 2257
   21  444 1555 2343
   43  421 1367 2497
   51  250 1429 2584
   59  511 1087 2503
  105  328 1355 2580
  117  307 1434 2598
    1  577 1684 2507
    7  597 1716 2500
   26  429 1376 2509
   31  236 1499 2593
   40  343 1566 2538
   50  341 1072 1476
   54  367 1342 2067
   95  363 1423 2529
  100  450 1771 2520
  122  361 1718 2290
  131  325 1479 2534
  139  347 1647 2587
  140  345 2054 2508
  164  384 1133 2122
  174  497  896 2282
  213  275 1994 2508
  215  360 1434 2320
  243  426 1351 2487
  245  456 1647 2516
  268  355 1731 2290
  287  322 1458 2530
  353  341 1447 2552
    1  349 1747 2272
   17  363 1756 2266
   30  594 1228 2521
   78  358 1107 2550
  144  360 1163 2553
    1  322 1387 2550
   15  321 1402 2530
   26  348 1165 2186
   31  345 2006 2468
   60  344 1689 2285
   66  311  940 2261
   68  445 1498 2344
   91  392 1286 2511
   98  597 1181 2546
  142  374 1391 2550
  208  345 1438 2553
    1  298  799 2272
   10  299  862 2281
   22  344 1751 2598
   56  238 1514 2551
   64  563 1699 2505
   95  371 1731 2295
  108  373 1532 2569
  116  613  989 2502
  141  388 1658 2266
  142  533 1299 2566
  158  553 1302 2600
    1  596 1667 2507
    6  599 1714 2500
   25  429 1376 2509
   31  232 1387 2566
   38  294  935 2303
   50  344 1758 2600
   84  259 1200 2139
  111  635 1499 2445
  149  677 1547 2479
  167  677 1547 2479
  188  387 1713 2291
  189  533 1305 2569
  258  553 1302 2600
    1  439 1335 2507
   10  444 1332 2507
   21  683 1213 2635
   41  550 1220 2595
   64  344 1130 2125
   65  574 1511 2480
   87  482 1011 2928
   88  543 1235 2632
  104  243 1080 2232
  115  344  872 2745
  128  385 1098 2094
  129  484 1291 1655
  149  352  865 2868
  156  449 1565 2554
  175  447 1337 2508
  176  539 1267 2590
  192  361 1684 2296
  207  343 1490 2527
  211  574 1697 2502
  233  341 1337 2568
  239  312  782 2270
  241  571 1476 2327
  258  501  982 2910
  261  590 1421 2540
  283  343 1398 2591
  296  322 1452 2549
  302  342 2035 2504
  330  343 2100 2525
  366  350 2037 2765
    1  299  874 2288
   13  303  763 2257
   21  444 1555 2343
   43  421 1367 2497
   51  250 1429 2584
   59  511 1087 2503
  105  328 1355 2580
  117  307 1434 2598
    1  577 1684 2507
    7  597 1716 2500
   26  429 1376 2509
   31  236 1499 2593
   40  343 1566 2538
   50  341 1072 1476
   54  367 1342 2067
   95  363 1423 2529
  100  450 1771 2520
  122  361 1718 2290
  131  325 1479 2534
  139  347 1647 2587
  140  345 2054 2508
  164  384 1133 2122
  174  497  896 2282
  213  275 1994 2508
  215  360 1434 2320
  243  426 1351 2487
  245  456 1647 2516
  268  355 1731 2290
  287  322 1458 2530
  353  341 1447 2552
    1  349 1747 2272
   14  363 1756 2266
   17  594 1228 2521
   44  359 1170 2553
   55  364 1544 2592
   69  612  990 2504
   95  369 1589 2239
  101  312  927 2258
  103  445 1496 2343
  126  392 1286 2511
  133  597 1181 2546
  177  374 1391 2550
  243  345 1438 2553
    1  298  799 2272
   10  299  862 2281
   22  344 1751 2598
   56  238 1514 2551
   64  563 1699 2505
   95  371 1731 2295
  108  373 1532 2569
  116  613  989 2502
  141  388 1658 2266
  142  533 1299 2566
  158  553 1302 2600
    1  596 1667 2507
    6  599 1714 2500
   25  429 1376 2509
   31  232 1387 2566
   38  294  935 2303
   50  344 1758 2600
   84  259 1200 2139
  111  635 1499 2445
  149  677 1547 2479
  167  677 1547 2479
  188  387 1713 2291
  189  533 1305 2569
  258  553 1302 2600
    1  439 1335 2507
   10  444 1332 2507
   21  683 1213 2635
   41  550 1220 2595
   64  344 1130 2125
   65  574 1511 2480
   87  482 1011 2928
   88  543 1235 2632
  104  243 1080 2232
  115  344  872 2745
  128  385 1098 2094
  129  484 1291 1655
  149  352  865 2868
  156  449 1565 2554
  175  447 1337 2508
  176  539 1267 2590
  192  361 1684 2296
  207  343 1490 2527
  211  574 1697 2502
  233  341 1337 2568
  239  312  782 2270
  241  571 1476 2327
  258  501  982 2910
  261  590 1421 2540
  283  343 1398 2591
  296  322 1452 2549
  302  342 2035 2504
  330  343 2100 2525
  366  350 2037 2765
    1  299  874 2288
   13  303  763 2257
   21  444 1555 2343
   43  421 1367 2497
   51  250 1429 2584
   59  511 1087 2503
  105  328 1355 2580
  117  307 1434 2598
    1  577 1684 2507
    7  597 1716 2500
   26  429 1376 2509
   31  236 1499 2593
   40  343 1566 2538
   50  341 1072 1476
   54  367 1342 2067
   95  363 1423 2529
  100  450 1771 2520
  122  361 1718 2290
  131  325 1479 2534
  139  347 1647 2587
  140  345 2054 2508
  164  384 1133 2122
  174  497  896 2282
  213  275 1994 2508
  215  360 1434 2320
  243  426 1351 2487
  245  456 1647 2516
  268  355 1731 2290
  287  322 1458 2530
  353  341 1447 2552
    1  349 1747 2272
   14  363 1756 2266
   17  594 1228 2521
   44  359 1170 2553
   55  364 1544 2592
   69  612  990 2504
   95  369 1589 2239
  101  312  927 2258
  103  445 1496 2343
  126  392 1286 2511
  133  597 1181 2546
  177  374 1391 2550
  243  345 1438 2553
    1  298  799 2272
   10  299  862 2281
   22  344 1751 2598
   56  238 1514 2551
   64  563 1699 2505
   95  371 1731 2295
  108  373 1532 2569
  116  613  989 2502
  141  388 1658 2266
  142  533 1299 2566
  158  553 1302 2600
    1  596 1667 2507
    6  599 1714 2500
   25  429 1376 2509
   31  232 1387 2566
   38  294  935 2303
   50  344 1758 2600
   84  259 1200 2139
  111  635 1499 2445
  149  677 1547 2479
  167  677 1547 2479
  188  387 1713 2291
  189  533 1305 2569
  258  553 1302 2600
    1  439 1335 2507
   10  444 1332 2507
   21  683 1213 2635
   41  550 1220 2595
   64  344 1130 2125
   65  574 1511 2480
   87  482 1011 2928
   88  543 1235 2632
  104  243 1080 2232
  115  344  872 2745
  128  385 1098 2094
  129  484 1291 1655
  149  352  865 2868
  156  449 1565 2554
  175  447 1337 2508
  176  539 1267 2590
  192  361 1684 2296
  207  343 1490 2527
  211  574 1697 2502
  233  341 1337 2568
  239  312  782 2270
  241  571 1476 2327
  258  501  982 2910
  261  590 1421 2540
  283  343 1398 2591
  296  322 1452 2549
  302  342 2035 2504
  330  343 2100 2525
  366  350 2037 2765
    1  299  874 2288
   13  303  763 2257
   21  444 1555 2343
   43  421 1367 2497
   51  250 1429 2584
   59  511 1087 2503
  105  328 1355 2580
  117  307 1434 2598
    1  577 1684 2507
    7  597 1716 2500
   26  429 1376 2509
   31  236 1499 2593
   40  343 1566 2538
   50  341 1072 1476
   54  367 1342 2067
   95  363 1423 2529
  100  450 1771 2520
  122  361 1718 2290
  131  325 1479 2534
  139  347 1647 2587
  140  345 2054 2508
  164  384 1133 2122
  174  497  896 2282
  213  275 1994 2508
  215  360 1434 2320
  243  426 1351 2487
  245  456 1647 2516
  268  355 1731 2290
  287  322 1458 2530
  353  341 1447 2552
    1  349 1747 2272
   14  363 1756 2266
   17  594 1228 2521
   44  359 1170 2553
   55  364 1544 2592
   69  612  990 2504
   95  369 1589 2239
  101  312  927 2258
  103  445 1496 2343
  126  392 1286 2511
  133  597 1181 2546
  177  374 1391 2550
  243  345 1438 2553
    1  298  799 2272
   10  299  862 2281
   22  344 1751 2598
   56  238 1514 2551
   64  563 1699 2505
   95  371 1731 2295
  108  373 1532 2569
  116  613  989 2502
  141  388 1658 2266
  142  533 1299 2566
  158  553 1302 2600
    1  596 1667 2507
    6  599 1714 2500
   25  429 1376 2509
   31  232 1387 2566
   38  294  935 2303
   50  344 1758 2600
   84  259 1200 2139
  111  635 1499 2445
  149  677 1547 2479
  167  677 1547 2479
  188  387 1713 2291
  189  533 1305 2569
  258  553 1302 2600
    1  439 1335 2507
   10  444 1332 2507
   21  683 1213 2635
   41  550 1220 2595
   64  344 1130 2125
   65  574 1511 2480
   87  482 1011 2928
   88  543 1235 2632
  104  243 1080 2232
  115  344  872 2745
  128  385 1098 2094
  129  484 1291 1655
  149  352  865 2868
  156  449 1565 2554
  175  447 1337 2508
  176  539 1267 2590
  192  361 1684 2296
  207  343 1490 2527
  211  574 1697 2502
  233  341 1337 2568
  239  312  782 2270
  241  571 1476 2327
  258  501  982 2910
  261  590 1421 2540
  283  343 1398 2591
  296  322 1452 2549
  302  342 2035 2504
  330  343 2100 2525
  366  350 2037 2765
    1  299  874 2288
   13  303  763 2257
   21  444 1555 2343
   43  421 1367 2497
   51  250 1429 2584
   59  511 1087 2503
  105  328 1355 2580
  117  307 1434 2598
    1  577 1684 2507
    7  597 1716 2500
   26  429 1376 2509
   31  236 1499 2593
   40  343 1566 2538
   50  341 1072 1476
   54  367 1342 2067
   95  363 1423 2529
  100  450 1771 2520
  122  361 1718 2290
  131  325 1479 2534
  139  347 1647 2587
  140  345 2054 2508
  164  384 1133 2122
  174  497  896 2282
  213  275 1994 2508
  215  360 1434 2320
  243  426 1351 2487
  245  456 1647 2516
  268  355 1731 2290
  287  322 1458 2530
  353  341 1447 2552
    1  349 1747 2272
   14  363 1756 2266
   17  594 1228 2521
   44  359 1170 2553
   55  364 1544 2592
   69  612  990 2504
   95  369 1589 2239
  101  312  927 2258
  103  445 1496 2343
  126  392 1286 2511
  133  597 1181 2546
  177  374 1391 2550
  243  345 1438 2553
    1  298  799 2272
   10  299  862 2281
   22  344 1751 2598
   56  238 1514 2551
   64  563 1699 2505
   95  371 1731 2295
  108  373 1532 2569
  116  613  989 2502
  141  388 1658 2266
  142  533 1299 2566
  158  553 1302 2600
    1  596 1667 2507
    6  599 1714 2500
   25  429 1376 2509
   31  232 1387 2566
   38  294  935 2303
   50  344 1758 2600
   84  259 1200 2139
  111  635 1499 2445
  149  677 1547 2479
  167  677 1547 2479
  188  387 1713 2291
  189  533 1305 2569
  258  553 1302 2600
    1  439 1335 2507
   10  444 1332 2507
   21  683 1213 2635
   41  550 1220 2595
   64  344 1130 2125
   65  574 1511 2480
   87  482 1011 2928
   88  543 1235 2632
  104  243 1080 2232
  115  344  872 2745
  128  385 1098 2094
  129  484 1291 1655
  149  352  865 2868
  156  449 1565 2554
  175  447 1337 2508
  176  539 1267 2590
  192  361 1684 2296
  207  343 1490 2527
  211  574 1697 2502
  233  341 1337 2568
  239  312  782 2270
  241  571 1476 2327
  258  501  982 2910
  261  590 1421 2540
  283  343 1398 2591
  296  322 1452 2549
  302  342 2035 2504
  330  343 2100 2525
  366  350 2037 2765
    1  299  874 2288
   13  303  763 2257
   21  444 1555 2343
   43  421 1367 2497
   51  250 1429 2584
   59  511 1087 2503
  105  328 1355 2580
  117  307 1434 2598
    1  577 1684 2507
    7  597 1716 2500
   26  429 1376 2509
   31  236 1499 2593
   40  343 1566 2538
   50  341 1072 1476
   54  367 1342 2067
   95  363 1423 2529
  100  450 1771 2520
  122  361 1718 2290
  131  325 1479 2534
  139  347 1647 2587
  140  345 2054 2508
  164  384 1133 2122
  174  497  896 2282
  213  275 1994 2508
  215  360 1434 2320
  243  426 1351 2487
  245  456 1647 2516
  268  355 1731 2290
  287  322 1458 2530
  353  341 1447 2552
    1  349 1747 2272
   14  363 1756 2266
   17  594 1228 2521
   44  359 1170 2553
   55  364 1544 2592
   69  612  990 2504
   95  369 1589 2239
  101  312  927 2258
  103  445 1496 2343
  126  392 1286 2511
  133  597 1181 2546
  177  374 1391 2550
  243  345 1438 2553
    1  298  799 2272
   10  299  862 2281
   22  344 1751 2598
   56  238 1514 2551
   64  563 1699 2505
   95  371 1731 2295
  108  373 1532 2569
  116  613  989 2502
  141  388 1658 2266
  142  533 1299 2566
  158  553 1302 2600
    1  596 1667 2507
    6  599 1714 2500
   25  429 1376 2509
   31  232 1387 2566
   38  294  935 2303
   50  344 1758 2600
   84  259 1200 2139
  111  635 1499 2445
  149  677 1547 2479
  167  677 1547 2479
  188  387 1713 2291
  189  533 1305 2569
  258  553 1302 2600
    1  439 1335 2507
   10  444 1332 2507
   21  683 1213 2635
   41  550 1220 2595
   64  344 1130 2125
   65  574 1511 2480
   87  482 1011 2928
   88  543 1235 2632
  104  243 1080 2232
  115  344  872 2745
  128  385 1098 2094
  129  484 1291 1655
  149  352  865 2868
  156  449 1565 2554
  175  447 1337 2508
  176  539 1267 2590
  192  361 1684 2296
  207  343 1490 2527
  211  574 1697 2502
  233  341 1337 2568
  239  312  782 2270
  241  571 1476 2327
  258  501  982 2910
  261  590 1421 2540
  283  343 1398 2591
  296  322 1452 2549
  302  342 2035 2504
  330  343 2100 2525
  366  350 2037 2765
    1  299  874 2288
   13  303  763 2257
   21  444 1555 2343
   43  421 1367 2497
   51  250 1429 2584
   59  511 1087 2503
  105  328 1355 2580
  117  307 1434 2598
    1  577 1684 2507
    7  597 1716 2500
   26  429 1376 2509
   31  236 1499 2593
   40  343 1566 2538
   50  341 1072 1476
   54  367 1342 2067
   95  363 1423 2529
  100  450 1771 2520
  122  361 1718 2290
  131  325 1479 2534
  139  347 1647 2587
  140  345 2054 2508
  164  384 1133 2122
  174  497  896 2282
  213  275 1994 2508
  215  360 1434 2320
  243  426 1351 2487
  245  456 1647 2516
  268  355 1731 2290
  287  322 1458 2530
  353  341 1447 2552
    1  349 1747 2272
   14  363 1756 2266
   17  594 1228 2521
   44  359 1170 2553
   55  364 1544 2592
   69  612  990 2504
   95  369 1589 2239
  101  312  927 2258
  103  445 1496 2343
  126  392 1286 2511
  133  597 1181 2546
  177  374 1391 2550
  243  345 1438 2553
    1  298  799 2272
   10  299  862 2281
   22  344 1751 2598
   56  238 1514 2551
   64  563 1699 2505
   95  371 1731 2295
  108  373 1532 2569
  116  613  989 2502
  141  388 1658 2266
  142  533 1299 2566
  158  553 1302 2600
    1  596 1667 2507
    6  599 1714 2500
   25  429 1376 2509
   31  232 1387 2566
   38  294  935 2303
   50  344 1758 2600
   84  259 1200 2139
  111  635 1499 2445
  149  677 1547 2479
  167  677 1547 2479
  188  387 1713 2291
  189  533 1305 2569
  258  553 1302 2600
    1  439 1335 2507
   10  444 1332 2507
   21  683 1213 2635
   41  550 1220 2595
   64  344 1130 2125
   65  574 1511 2480
   87  482 1011 2928
   88  543 1235 2632
  104  243 1080 2232
  115  344  872 2745
  128  385 1098 2094
  129  484 1291 1655
  149  352  865 2868
  156  449 1565 2554
  175  447 1337 2508
  176  539 1267 2590
  192  361 1684 2296
  207  343 1490 2527
  211  574 1697 2502
  233  341 1337 2568
  239  312  782 2270
  241  571 1476 2327
  258  501  982 2910
  261  590 1421 2540
  283  343 1398 2591
  296  322 1452 2549
  302  342 2035 2504
  330  343 2100 2525
  366  350 2037 2765
    1  299  874 2288
   13  303  763 2257
   21  444 1555 2343
   43  421 1367 2497
   51  250 1429 2584
   59  511 1087 2503
  105  328 1355 2580
  117  307 1434 2598
    1  577 1684 2507
    7  597 1716 2500
   26  429 1376 2509
   31  236 1499 2593
   40  343 1566 2538
   50  341 1072 1476
   54  367 1342 2067
   95  363 1423 2529
  100  450 1771 2520
  122  361 1718 2290
  131  325 1479 2534
  139  347 1647 2587
  140  345 2054 2508
  164  384 1133 2122
  174  497  896 2282
  213  275 1994 2508
  215  360 1434 2320
  243  426 1351 2487
  245  456 1647 2516
  268  355 1731 2290
  287  322 1458 2530
  353  341 1447 2552
    1  349 1747 2272
   14  363 1756 2266
   17  594 1228 2521
   44  359 1170 2553
   55  364 1544 2592
   69  612  990 2504
   95  369 1589 2239
  101  312  927 2258
  103  445 1496 2343
  126  392 1286 2511
  133  597 1181 2546
  177  374 1391 2550
  243  345 1438 2553
    1  298  799 2272
   10  299  862 2281
   22  344 1751 2598
   56  238 1514 2551
   64  563 1699 2505
   95  371 1731 2295
  108  373 1532 2569
  116  613  989 2502
  141  388 1658 2266
  142  533 1299 2566
  158  553 1302 2600
    1  596 1667 2507
    6  599 1714 2500
   25  429 1376 2509
   31  232 1387 2566
   38  294  935 2303
   50  344 1758 2600
   84  259 1200 2139
  111  635 1499 2445
  149  677 1547 2479
  167  677 1547 2479
  188  387 1713 2291
  189  533 1305 2569
  258  553 1302 2600
    1  439 1335 2507
   10  444 1332 2507
   21  683 1213 2635
   41  550 1220 2595
   64  344 1130 2125
   65  574 1511 2480
   87  482 1011 2928
   88  543 1235 2632
  104  243 1080 2232
  115  344  872 2745
  128  385 1098 2094
  129  484 1291 1655
  149  352  865 2868
  156  449 1565 2554
  175  447 1337 2508
  176  539 1267 2590
  192  361 1684 2296
  207  343 1490 2527
  211  574 1697 2502
  233  341 1337 2568
  239  312  782 2270
  241  571 1476 2327
  258  501  982 2910
  261  590 1421 2540
  283  343 1398 2591
  296  322 1452 2549
  302  342 2035 2504
  330  343 2100 2525
  366  350 2037 2765
    1  299  874 2288
   13  303  763 2257
   21  444 1555 2343
   43  421 1367 2497
   51  250 1429 2584
   59  511 1087 2503
  105  328 1355 2580
  117  307 1434 2598
    1  577 1684 2507
    7  597 1716 2500
   26  429 1376 2509
   31  236 1499 2593
   40  343 1566 2538
   50  341 1072 1476
   54  367 1342 2067
   95  363 1423 2529
  100  450 1771 2520
  122  361 1718 2290
  131  325 1479 2534
  139  347 1647 2587
  140  345 2054 2508
  164  384 1133 2122
  174  497  896 2282
  213  275 1994 2508
  215  360 1434 2320
  243  426 1351 2487
  245  456 1647 2516
  268  355 1731 2290
  287  322 1458 2530
  353  341 1447 2552
    1  349 1747 2272
   14  363 1756 2266
   17  594 1228 2521
   44  359 1170 2553
   55  364 1544 2592
   69  612  990 2504
   95  369 1589 2239
  101  312  927 2258
  103  445 1496 2343
  126  392 1286 2511
  133  597 1181 2546
  177  374 1391 2550
  243  345 1438 2553
    1  298  799 2272
   10  299  862 2281
   22  344 1751 2598
   56  238 1514 2551
   64  563 1699 2505
   95  371 1731 2295
  108  373 1532 2569
  116  613  989 2502
  141  388 1658 2266
  142  533 1299 2566
  158  553 1302 2600
    1  596 1667 2507
    6  599 1714 2500
   25  429 1376 2509
   31  232 1387 2566
   38  294  935 2303
   50  344 1758 2600
   84  259 1200 2139
  111  635 1499 2445
  149  677 1547 2479
  167  677 1547 2479
  188  387 1713 2291
  189  533 1305 2569
  258  553 1302 2600
    1  439 1335 2507
   10  444 1332 2507
   21  683 1213 2635
   41  550 1220 2595
   64  344 1130 2125
   65  574 1511 2480
   87  482 1011 2928
   88  543 1235 2632
  104  243 1080 2232
  115  344  872 2745
  128  385 1098 2094
  129  484 1291 1655
  149  352  865 2868
  156  449 1565 2554
  175  447 1337 2508
  176  539 1267 2590
  192  361 1684 2296
  207  343 1490 2527
  211  574 1697 2502
  233  341 1337 2568
  239  312  782 2270
  241  571 1476 2327
  258  501  982 2910
  261  590 1421 2540
  283  343 1398 2591
  296  322 1452 2549
  302  342 2035 2504
  330  343 2100 2525
  366  350 2037 2765
    1  299  874 2288
   13  303  763 2257
   21  444 1555 2343
   43  421 1367 2497
   51  250 1429 2584
   59  511 1087 2503
  105  328 1355 2580
  117  307 1434 2598
    1  577 1684 2507
    7  597 1716 2500
   26  429 1376 2509
   31  236 1499 2593
   40  343 1566 2538
   50  341 1072 1476
   54  367 1342 2067
   95  363 1423 2529
  100  450 1771 2520
  122  361 1718 2290
  131  325 1479 2534
  139  347 1647 2587
  140  345 2054 2508
  164  384 1133 2122
  174  497  896 2282
  213  275 1994 2508
  215  360 1434 2320
  243  426 1351 2487
  245  456 1647 2516
  268  355 1731 2290
  287  322 1458 2530
  353  341 1447 2552
    1  349 1747 2272
   14  363 1756 2266
   17  594 1228 2521
   44  359 1170 2553
   55  364 1544 2592
   69  612  990 2504
   95  369 1589 2239
  101  312  927 2258
  103  445 1496 2343
  126  392 1286 2511
  133  597 1181 2546
  177  374 1391 2550
  243  345 1438 2553
    1  298  799 2272
   10  299  862 2281
   22  344 1751 2598
   56  238 1514 2551
   64  563 1699 2505
   95  371 1731 2295
  108  373 1532 2569
  116  613  989 2502
  141  388 1658 2266
  142  533 1299 2566
  158  553 1302 2600
    1  596 1667 2507
    6  599 1714 2500
   25  429 1376 2509
   31  232 1387 2566
   38  294  935 2303
   50  344 1758 2600
   84  259 1200 2139
  111  635 1499 2445
  149  677 1547 2479
  167  677 1547 2479
  188  387 1713 2291
  189  533 1305 2569
  258  553 1302 2600
    1  439 1335 2507
   10  444 1332 2507
   21  683 1213 2635
   41  550 1220 2595
   64  344 1130 2125
   65  574 1511 2480
   87  482 1011 2928
   88  543 1235 2632
  104  243 1080 2232
  115  344  872 2745
  128  385 1098 2094
  129  484 1291 1655
  149  352  865 2868
  156  449 1565 2554
  175  447 1337 2508
  176  539 1267 2590
  192  361 1684 2296
  207  343 1490 2527
  211  574 1697 2502
  233  341 1337 2568
  239  312  782 2270
  241  571 1476 2327
  258  501  982 2910
  261  590 1421 2540
  283  343 1398 2591
  296  322 1452 2549
  302  342 2035 2504
  330  343 2100 2525
  366  350 2037 2765
    1  299  874 2288
   13  303  763 2257
   21  444 1555 2343
   43  421 1367 2497
   51  250 1429 2584
   59  511 1087 2503
  105  328 1355 2580
  117  307 1434 2598
    1  577 1684 2507
    7  597 1716 2500
   26  429 1376 2509
   31  236 1499 2593
   40  343 1566 2538
   50  341 1072 1476
   54  367 1342 2067
   95  363 1423 2529
  100  450 1771 2520
  122  361 1718 2290
  131  325 1479 2534
  139  347 1647 2587
  140  345 2054 2508
  164  384 1133 2122
  174  497  896 2282
  213  275 1994 2508
  215  360 1434 2320
  243  426 1351 2487
  245  456 1647 2516
  268  355 1731 2290
  287  322 1458 2530
  353  341 1447 2552
    1  349 1747 2272
   14  363 1756 2266
   17  594 1228 2521
   44  359 1170 2553
   55  364 1544 2592
   69  612  990 2504
   95  369 1589 2239
  101  312  927 2258
  103  445 1496 2343
  126  392 1286 2511
  133  597 1181 2546
  177  374 1391 2550
  243  345 1438 2553
    1  298  799 2272
   10  299  862 2281
   22  344 1751 2598
   56  238 1514 2551
   64  563 1699 2505
   95  371 1731 2295
  108  373 1532 2569
  116  613  989 2502
  141  388 1658 2266
  142  533 1299 2566
  158  553 1302 2600
    1  596 1667 2507
    6  599 1714 2500
   25  429 1376 2509
   31  232 1387 2566
   38  294  935 2303
   50  344 1758 2600
   84  259 1200 2139
  111  635 1499 2445
  149  677 1547 2479
  167  677 1547 2479
  188  387 1713 2291
  189  533 1305 2569
  258  553 1302 2600
    1  439 1335 2507
   10  444 1332 2507
   21  683 1213 2635
   41  550 1220 2595
   64  344 1130 2125
   65  574 1511 2480
   87  482 1011 2928
   88  543 1235 2632
  104  243 1080 2232
  115  344  872 2745
  128  385 1098 2094
  129  484 1291 1655
  149  352  865 2868
  156  449 1565 2554
  175  447 1337 2508
  176  539 1267 2590
  192  361 1684 2296
  207  343 1490 2527
  211  574 1697 2502
  233  341 1337 2568
  239  312  782 2270
  241  571 1476 2327
  258  501  982 2910
  261  590 1421 2540
  283  343 1398 2591
  296  322 1452 2549
  302  342 2035 2504
  330  343 2100 2525
  366  350 2037 2765
    1  299  874 2288
   13  303  763 2257
   21  444 1555 2343
   43  421 1367 2497
   51  250 1429 2584
   59  511 1087 2503
  105  328 1355 2580
  117  307 1434 2598
    1  577 1684 2507
    7  597 1716 2500
   26  429 1376 2509
   31  236 1499 2593
   40  343 1566 2538
   50  341 1072 1476
   54  367 1342 2067
   95  363 1423 2529
  100  450 1771 2520
  122  361 1718 2290
  131  325 1479 2534
  139  347 1647 2587
  140  345 2054 2508
  164  384 1133 2122
  174  497  896 2282
  213  275 1994 2508
  215  360 1434 2320
  243  426 1351 2487
  245  456 1647 2516
  268  355 1731 2290
  287  322 1458 2530
  353  341 1447 2552
    1  349 1747 2272
   14  363 1756 2266
   17  594 1228 2521
   44  359 1170 2553
   55  364 1544 2592
   69  612  990 2504
   95  369 1589 2239
  101  312  927 2258
  103  445 1496 2343
  126  392 1286 2511
  133  597 1181 2546
  177  374 1391 2550
  243  345 1438 2553
    1  298  799 2272
   10  299  862 2281
   22  344 1751 2598
   56  238 1514 2551
   64  563 1699 2505
   95  371 1731 2295
  108  373 1532 2569
  116  613  989 2502
  141  388 1658 2266
  142  533 1299 2566
  158  553 1302 2600
    1  596 1667 2507
    6  599 1714 2500
   25  429 1376 2509
   31  232 1387 2566
   38  294  935 2303
   50  344 1758 2600
   84  259 1200 2139
  111  635 1499 2445
  149  677 1547 2479
  167  677 1547 2479
  188  387 1713 2291
  189  533 1305 2569
  258  553 1302 2600
    1  439 1335 2507
   10  444 1332 2507
   21  683 1213 2635
   41  550 1220 2595
   64  344 1130 2125
   65  574 1511 2480
   87  482 1011 2928
   88  543 1235 2632
  104  243 1080 2232
  115  344  872 2745
  128  385 1098 2094
  129  484 1291 1655
  149  352  865 2868
  156  449 1565 2554
  175  447 1337 2508
  176  539 1267 2590
  192  361 1684 2296
  207  343 1490 2527
  211  574 1697 2502
  233  341 1337 2568
  239  312  782 2270
  241  571 1476 2327
  258  501  982 2910
  261  590 1421 2540
  283  343 1398 2591
  296  322 1452 2549
  302  342 2035 2504
  330  343 2100 2525
  366  350 2037 2765
    1  299  874 2288
   13  303  763 2257
   21  444 1555 2343
   43  421 1367 2497
   51  250 1429 2584
   59  511 1087 2503
  105  328 1355 2580
  117  307 1434 2598
    1  577 1684 2507
    7  597 1716 2500
   26  429 1376 2509
   31  236 1499 2593
   40  343 1566 2538
   50  341 1072 1476
   54  367 1342 2067
   95  363 1423 2529
  100  450 1771 2520
  122  361 1718 2290
  131  325 1479 2534
  139  347 1647 2587
  140  345 2054 2508
  164  384 1133 2122
  174  497  896 2282
  213  275 1994 2508
  215  360 1434 2320
  243  426 1351 2487
  245  456 1647 2516
  268  355 1731 2290
  287  322 1458 2530
  353  341 1447 2552
    1  349 1747 2272
   14  363 1756 2266
   17  594 1228 2521
   44  359 1170 2553
   55  364 1544 2592
   69  612  990 2504
   95  369 1589 2239
  101  312  927 2258
  103  445 1496 2343
  126  392 1286 2511
  133  597 1181 2546
  177  374 1391 2550
  243  345 1438 2553
    1  298  799 2272
   10  299  862 2281
   22  344 1751 2598
   56  238 1514 2551
   64  563 1699 2505
   95  371 1731 2295
  108  373 1532 2569
  116  613  989 2502
  141  388 1658 2266
  142  533 1299 2566
  158  553 1302 2600
    1  596 1667 2507
    6  599 1714 2500
   25  429 1376 2509
   31  232 1387 2566
   38  294  935 2303
   50  344 1758 2600
   84  259 1200 2139
  111  635 1499 2445
  149  677 1547 2479
  167  677 1547 2479
  188  387 1713 2291
  189  533 1305 2569
  258  553 1302 2600
    1  439 1335 2507
   10  444 1332 2507
   21  683 1213 2635
   41  550 1220 2595
   64  344 1130 2125
   65  574 1511 2480
   87  482 1011 2928
   88  543 1235 2632
  104  243 1080 2232
  115  344  872 2745
  128  385 1098 2094
  129  484 1291 1655
  149  352  865 2868
  156  449 1565 2554
  175  447 1337 2508
  176  539 1267 2590
  192  361 1684 2296
  207  343 1490 2527
  211  574 1697 2502
  233  341 1337 2568
  239  312  782 2270
  241  571 1476 2327
  258  501  982 2910
  261  590 1421 2540
  283  343 1398 2591
  296  322 1452 2549
  302  342 2035 2504
  330  343 2100 2525
  366  350 2037 2765
    1  299  874 2288
   13  303  763 2257
   21  444 1555 2343
   43  421 1367 2497
   51  250 1429 2584
   59  511 1087 2503
  105  328 1355 2580
  117  307 1434 2598
    1  577 1684 2507
    7  597 1716 2500
   26  429 1376 2509
   31  236 1499 2593
   40  343 1566 2538
   50  341 1072 1476
   54  367 1342 2067
   95  363 1423 2529
  100  450 1771 2520
  122  361 1718 2290
  131  325 1479 2534
  139  347 1647 2587
  140  345 2054 2508
  164  384 1133 2122
  174  497  896 2282
  213  275 1994 2508
  215  360 1434 2320
  243  426 1351 2487
  245  456 1647 2516
  268  355 1731 2290
  287  322 1458 2530
  353  341 1447 2552
    1  349 1747 2272
   14  363 1756 2266
   17  594 1228 2521
   44  359 1170 2553
   55  364 1544 2592
   69  612  990 2504
   95  369 1589 2239
  101  312  927 2258
  103  445 1496 2343
  126  392 1286 2511
  133  597 1181 2546
  177  374 1391 2550
  243  345 1438 2553
    1  298  799 2272
   10  299  862 2281
   22  344 1751 2598
   56  238 1514 2551
   64  563 1699 2505
   95  371 1731 2295
  108  373 1532 2569
  116  613  989 2502
  141  388 1658 2266
  142  533 1299 2566
  158  553 1302 2600
    1  596 1667 2507
    6  599 1714 2500
   25  429 1376 2509
   31  232 1387 2566
   38  294  935 2303
   50  344 1758 2600
   84  259 1200 2139
  111  635 1499 2445
  149  677 1547 2479
  167  677 1547 2479
  188  387 1713 2291
  189  533 1305 2569
  258  553 1302 2600
    1  439 1335 2507
   10  444 1332 2507
   21  683 1213 2635
   41  550 1220 2595
   64  344 1130 2125
   65  574 1511 2480
   87  482 1011 2928
   88  543 1235 2632
  104  243 1080 2232
  115  344  872 2745
  128  385 1098 2094
  129  484 1291 1655
  149  352  865 2868
  156  449 1565 2554
  175  447 1337 2508
  176  539 1267 2590
  192  361 1684 2296
  207  343 1490 2527
  211  574 1697 2502
  233  341 1337 2568
  239  312  782 2270
  241  571 1476 2327
  258  501  982 2910
  261  590 1421 2540
  283  343 1398 2591
  296  322 1452 2549
  302  342 2035 2504
  330  343 2100 2525
  366  350 2037 2765
    1  299  874 2288
   13  303  763 2257
   21  444 1555 2343
   43  421 1367 2497
   51  250 1429 2584
   59  511 1087 2503
  105  328 1355 2580
  117  307 1434 2598
    1  577 1684 2507
    7  597 1716 2500
   26  429 1376 2509
   31  236 1499 2593
   40  343 1566 2538
   50  341 1072 1476
   54  367 1342 2067
   95  363 1423 2529
  100  450 1771 2520
  122  361 1718 2290
  131  325 1479 2534
  139  347 1647 2587
  140  345 2054 2508
  164  384 1133 2122
  174  497  896 2282
  213  275 1994 2508
  215  360 1434 2320
  243  426 1351 2487
  245  456 1647 2516
  268  355 1731 2290
  287  322 1458 2530
  353  341 1447 2552
    1  349 1747 2272
   14  363 1756 2266
   17  594 1228 2521
   44  359 1170 2553
   55  364 1544 2592
   69  612  990 2504
   95  369 1589 2239
  101  312  927 2258
  103  445 1496 2343
  126  392 1286 2511
  133  597 1181 2546
  177  374 1391 2550
  243  345 1438 2553
    1  298  799 2272
   10  299  862 2281
   22  344 1751 2598
   56  238 1514 2551
   64  563 1699 2505
   95  371 1731 2295
  108  373 1532 2569
  116  613  989 2502
  141  388 1658 2266
  142  533 1299 2566
  158  553 1302 2600
    1  596 1667 2507
    6  599 1714 2500
   25  429 1376 2509
   31  232 1387 2566
   38  294  935 2303
   50  344 1758 2600
   84  259 1200 2139
  111  635 1499 2445
  149  677 1547 2479
  167  677 1547 2479
  188  387 1713 2291
  189  533 1305 2569
  258  553 1302 2600
    1  439 1335 2507
   10  444 1332 2507
   21  683 1213 2635
   41  550 1220 2595
   64  344 1130 2125
   65  574 1511 2480
   87  482 1011 2928
   88  543 1235 2632
  104  243 1080 2232
  115  344  872 2745
  128  385 1098 2094
  129  484 1291 1655
  149  352  865 2868
  156  449 1565 2554
  175  447 1337 2508
  176  539 1267 2590
  192  361 1684 2296
  207  343 1490 2527
  211  574 1697 2502
  233  341 1337 2568
  239  312  782 2270
  241  571 1476 2327
  258  501  982 2910
  261  590 1421 2540
  283  343 1398 2591
  296  322 1452 2549
  302  342 2035 2504
  330  343 2100 2525
  366  350 2037 2765
    1  299  874 2288
   13  303  763 2257
   21  444 1555 2343
   43  421 1367 2497
   51  250 1429 2584
   59  511 1087 2503
  105  328 1355 2580
  117  307 1434 2598
    1  577 1684 2507
    7  597 1716 2500
   26  429 1376 2509
   31  236 1499 2593
   40  343 1566 2538
   50  341 1072 1476
   54  367 1342 2067
   95  363 1423 2529
  100  450 1771 2520
  122  361 1718 2290
  131  325 1479 2534
  139  347 1647 2587
  140  345 2054 2508
  164  384 1133 2122
  174  497  896 2282
  213  275 1994 2508
  215  360 1434 2320
  243  426 1351 2487
  245  456 1647 2516
  268  355 1731 2290
  287  322 1458 2530
  353  341 1447 2552
    1  349 1747 2272
   14  363 1756 2266
   17  594 1228 2521
   44  359 1170 2553
   55  364 1544 2592
   69  612  990 2504
   95  369 1589 2239
  101  312  927 2258
  103  445 1496 2343
  126  392 1286 2511
  133  597 1181 2546
  177  374 1391 2550
  243  345 1438 2553
    1  350 1100 2150
   15  364 1091 2167
   32  612  945 2462
   70  494  890 2929
  142  490  948 2956
    1  240 1124 2506
   14  246 1208 2512
   22  690 2235 3212
   33  352 2003 3046
   35  350 2675 3292
  133  359 2693 3316
    1  600 1720 2520
    2  600 1720 2520
   48  355 1759 2680
   59  350 1632 2599
   64  345 2053 2509
   96  348 1647 2602
  101  345 2054 2510
  133  348 1194 2195
  138  345 2009 2469
  170  358 1766 2285
  171  521 1121 2474
  196  485  901 2915
  197  543 1224 2631
  212  429 1340 2510
  223  326 1385 2567
  230  356  858 2907
  246  644 1315 2521
  274  361 1607 2545
  285  322 1398 2569
  293  355  858 2907
  309  644 1315 2521
  337  352 1618 2548
  347  237 1492 2594
  350  581 1202 2554
  375  248 1070 2229
  389  335  992 2782
  399  269 1980 2567
  400  359 1432 2326
  432  236 1466 2583
  435  581 1199 2553
  460  248 1070 2229
  474  335  992 2782
  484  269 1980 2567
  485  359 1432 2326
  517  236 1466 2583
  520  581 1199 2553
  545  248 1070 2229
  559  335  992 2782
  569  269 1980 2567
  570  359 1432 2326
  602  244 1468 2589
  603  726 1226 2661
  627  352 1299 2342
  630  644 1284 2465
  642  478  975 2904
  645  323 1264 2372
  646  527 1260 2577
  663  337 1142 2125
  668  447 1743 2480
  692  371 1459 2551
  700  366 1539 2596
  701  531 1287 2599
  723  253 1476 2603
  725  727 1227 2663
  758  378 1578 2578
  770  372 1749 2287
  773  739 1254 2631
  810  368 1151 2558
  821  323 1375 2570
  829  355  857 2907
  845  644 1315 2521
  873  363 1654 2522
  882  344 1765 2304
  895  287 1705 2679
  900  685 1250 2679
  931  236 1169 2181
  935  437 1745 2486
  955  429 1375 2505
  966  326 1386 2567
  975  356  858 2907
  991  644 1315 2521
 1019  363 1654 2522
 1029  347 1729 2263
 1038  307  806 2255
 1041  471 1565 2325
 1070  357 2045 2417
 1095  346 1749 2273
 1105  312  803 2256
 1112  571 1478 2325
 1137  380 1449 2548
 1153  367 1651 2681
 1154  531 1299 2608
 1165  431 1300 2510
 1171  370 1138 2539
 1173  631 1202 2458
 1194  364 1732 2211
 1206  346 1797 2265
 1213  277 1979 2566
 1245  346 2000 2472
 1273  344 1689 2285
 1279  302  842 2297
 1294  344  882 2789
 1306  324 1375 2614
 1317  361 1594 2595
 1324  576 1707 2509
 1349  380 1449 2552
 1357  360 1591 2590
 1358  450 1671 2526
 1374  425 1546 2046
 1384  353 1107 2184
 1392  354  833 2891
 1396  593 1136 2584
 1428  372 1376 2550
 1435  315 1304 2562
 1436  526 1264 2596
 1453  358 1092 2210
 1461  354  833 2893
 1465  593 1136 2584
 1497  374 1391 2550
 1510  331 1413 2502
 1512  479 1322 1696
 1551  359 1619 2584
 1561  349 1110 2211
 1572  354  833 2893
 1576  593 1136 2584
 1610  395 1429 2546
 1619  579 1690 2504
 1642  433 1404 2516
 1653  287 1683 2672
 1654  442 1680 2535
 1669  450 1402 2499
 1685  654 1519 2480
 1711  430 1400 2505
 1717  255 1517 2585
 1723  565 1699 2508
 1752  369 1386 2518
 1762  224 1164 2185
 1768  332 2006 2468
 1792  343 2100 2525
 1820  344 1689 2285
 1826  302  842 2297
 1842  344  882 2789
 1856  342 1390 2606
 1858  574 1687 2510
 1871  439 1450 2501
 1873  354 2035 2500
 1903  645 1583 2505
 1924  430 1400 2505
 1929  234 1479 2589
 1939  315 1378 2465
 1948  344 1086 1483
 1956  448 1737 2266
 1986  431 1460 2490
 1990  353 2036 2499
 2018  344 1689 2285
 2024  302  842 2297
 2040  344  882 2789
 2054  345 1291 2606
 2056  610  965 2506
 2069  509  957 2891
 2085  660 1325 2520
 2108  430 1381 2505
 2113  226 1487 2592
 2123  217 1531 2594
 2127  332 2043 2509
 2157  350 1609 2593
 2163  368 1395 2329
 2194  344 2006 2481
 2222  344 1689 2285
 2228  302  842 2297
 2241  344  882 2789
 2253  318 1352 2614
 2263  285 1438 2610
 2276  343 1808 2781
 2296  529 1091 2432
 2334  660 1471 2464
 2357  430 1400 2505
 2362  226 1490 2592
 2372  217 1532 2594
 2376  332 2043 2509
 2406  348 1647 2602
 2413  345 2054 2510
 2439  343 2100 2525
 2467  344 1689 2285
 2472  302  842 2297
 2500  344  882 2789
 2514  318 1352 2614
 2526  306 1434 2601
    1  217 1494 2600
   10  220 1514 2600
   19  343 1567 2539
   30  353 1091 1487
   31  575 1657 2266
   70  417 1463 2505
   85  303 1672 2668
  101  639 1546 2497
  124  430 1400 2505
  129  226 1490 2592
  139  217 1532 2594
  143  332 2043 2509
  172  321 1472 2617
  185  347 1812 2781
  205  529 1091 2432
  232  357 1987 2483
  260  344 1689 2285
  266  302  842 2297
  282  344  882 2789
    1  600 1720 2520
    2  600 1720 2520
   48  355 1759 2680
   59  350 1632 2599
   64  345 2053 2509
   96  348 1647 2602
  101  345 2054 2510
  133  348 1194 2195
  138  345 2009 2469
  170  358 1766 2285
  171  521 1121 2474
  196  485  901 2915
  197  543 1224 2631
  212  429 1340 2510
  223  326 1385 2567
  230  356  858 2907
  246  644 1315 2521
  274  361 1607 2545
  285  322 1398 2569
  293  355  858 2907
  309  644 1315 2521
  337  352 1618 2548
  347  237 1492 2594
  350  581 1202 2554
  375  248 1070 2229
  389  335  992 2782
  399  269 1980 2567
  400  359 1432 2326
  432  236 1466 2583
  435  581 1199 2553
  460  248 1070 2229
  474  335  992 2782
  484  269 1980 2567
  485  359 1432 2326
  517  236 1466 2583
  520  581 1199 2553
  545  248 1070 2229
  559  335  992 2782
  569  269 1980 2567
  570  359 1432 2326
  602  244 1468 2589
  603  726 1226 2661
  627  352 1299 2342
  630  644 1284 2465
  642  478  975 2904
  645  323 1264 2372
  646  527 1260 2577
  663  337 1142 2125
  668  447 1743 2480
  692  371 1459 2551
  700  366 1539 2596
  701  531 1287 2599
  723  253 1476 2603
  725  727 1227 2663
  758  378 1578 2578
  770  372 1749 2287
  773  739 1254 2631
  810  368 1151 2558
  821  323 1375 2570
  829  355  857 2907
  845  644 1315 2521
  873  363 1654 2522
  882  344 1765 2304
  895  287 1705 2679
  900  685 1250 2679
  931  236 1169 2181
  935  437 1745 2486
  955  429 1375 2505
  966  326 1386 2567
  975  356  858 2907
  991  644 1315 2521
 1019  363 1654 2522
 1029  347 1729 2263
 1038  307  806 2255
 1041  471 1565 2325
 1070  357 2045 2417
 1095  346 1749 2273
 1105  312  803 2256
 1112  571 1478 2325
 1137  380 1449 2548
 1153  367 1651 2681
 1154  531 1299 2608
 1165  431 1300 2510
 1171  370 1138 2539
 1173  631 1202 2458
 1194  364 1732 2211
 1206  346 1797 2265
 1213  277 1979 2566
 1245  346 2000 2472
 1273  344 1689 2285
 1279  302  842 2297
 1294  344  882 2789
 1306  324 1375 2614
 1317  361 1594 2595
 1324  576 1707 2509
 1349  380 1449 2552
 1357  360 1591 2590
 1358  450 1671 2526
 1374  425 1546 2046
 1384  353 1107 2184
 1392  354  833 2891
 1396  593 1136 2584
 1428  372 1376 2550
 1435  315 1304 2562
 1436  526 1264 2596
 1453  358 1092 2210
 1461  354  833 2893
 1465  593 1136 2584
 1497  374 1391 2550
 1510  331 1413 2502
 1512  479 1322 1696
 1551  359 1619 2584
 1561  349 1110 2211
 1572  354  833 2893
 1576  593 1136 2584
 1610  395 1429 2546
 1619  579 1690 2504
 1642  433 1404 2516
 1653  287 1683 2672
 1654  442 1680 2535
 1669  450 1402 2499
 1685  654 1519 2480
 1711  430 1400 2505
 1717  255 1517 2585
 1723  565 1699 2508
 1752  369 1386 2518
 1762  224 1164 2185
 1768  332 2006 2468
 1792  343 2100 2525
 1820  344 1689 2285
 1826  302  842 2297
 1842  344  882 2789
 1856  342 1390 2606
 1858  574 1687 2510
 1871  439 1450 2501
 1873  354 2035 2500
 1903  645 1583 2505
 1924  430 1400 2505
 1929  234 1479 2589
 1939  315 1378 2465
 1948  344 1086 1483
 1956  448 1737 2266
 1986  431 1460 2490
 1990  353 2036 2499
 2018  344 1689 2285
 2024  302  842 2297
 2040  344  882 2789
 2054  345 1291 2606
 2056  610  965 2506
 2069  509  957 2891
 2085  660 1325 2520
 2108  430 1381 2505
 2113  226 1487 2592
 2123  217 1531 2594
 2127  332 2043 2509
 2157  350 1609 2593
 2163  368 1395 2329
 2194  344 2006 2481
 2222  344 1689 2285
 2228  302  842 2297
 2241  344  882 2789
 2253  318 1352 2614
 2263  285 1438 2610
 2276  343 1808 2781
 2296  529 1091 2432
 2334  660 1471 2464
 2357  430 1400 2505
 2362  226 1490 2592
 2372  217 1532 2594
 2376  332 2043 2509
 2406  348 1647 2602
 2413  345 2054 2510
 2439  343 2100 2525
 2467  344 1689 2285
 2472  302  842 2297
 2500  344  882 2789
 2514  318 1352 2614
 2526  306 1434 2601
    1  217 1494 2600
   10  220 1514 2600
   19  343 1567 2539
   30  353 1091 1487
   31  575 1657 2266
   70  417 1463 2505
   85  303 1672 2668
  101  639 1546 2497
  124  430 1400 2505
  129  226 1490 2592
  139  217 1532 2594
  143  332 2043 2509
  172  321 1472 2617
  185  347 1812 2781
  205  529 1091 2432
  232  357 1987 2483
  260  344 1689 2285
  266  302  842 2297
  282  344  882 2789
  296  342 1390 2608
  297  574 1687 2528
  329  355 1582 2560
  340  361 1186 2139
  341  482 1300 1660
  370  378 1430 2505
  375  577 1691 2500
  393  440 1388 2509
  398  356 1573 2593
  409  351 1586 2584
  415  368 1393 2328
  448  576 1660 2481
  475  397 1205 2149
  486  364 1586 2572
  494  576 1706 2507
  515  440 1325 2475
  524  367 1154 2133
  525  483 1297 1659
  553  378 1430 2505
  558  577 1691 2500
  576  440 1388 2509
  581  356 1573 2593
  592  351 1586 2584
  598  368 1393 2328
  631  576 1660 2481
  658  391 1182 2149
  668  288 1429 2587
  681  343 1807 2778
  699  529 1091 2432
  727  329 1415 2597
  740  347 1806 2779
  760  529 1091 2432
  798  660 1471 2464
  821  430 1400 2505
  826  226 1490 2592
  836  217 1532 2587
  840  332 2043 2358
  875  312  793 2273
  879  589 1132 2372
  912  436 1415 2492
  916  354 2031 2499
  944  344 1689 2285
  950  302  842 2297
  966  344  882 2789
  978  324 1375 2614
  987  345 1544 2583
  994  312  792 2271
  999  571 1477 2327
 1016  477  933 2879
 1026  299 1079 2145
 1037  357 1124 2108
 1038  482 1294 1657
 1065  378 1430 2505
 1070  577 1691 2500
    1  340 1100 2080
   16  348 1088 2083
   24  493  891 2128
   48  323  838 2139
   49  478 1265 1660
   71  239 1493 2532
   80  343 1567 2572
   81  367 1491 2327
  101  531 1252 2572
  120  385 1103 2068
  126  355 1068 1462
  134  575 1654 2246
  163  429 1376 2498
  169  255 1514 2586
  170  565 1699 2526
  213  355 1759 2680
  224  350 1632 2599
  229  345 2053 2509
  261  348 1647 2602
  266  345 2054 2510
  298  348 1194 2195
  303  345 2009 2469
  335  358 1766 2285
  336  521 1121 2474
  361  485  901 2915
  362  543 1224 2631
  377  429 1340 2510
  388  326 1385 2567
  395  356  858 2907
  411  644 1315 2521
  439  361 1607 2545
  450  322 1398 2569
  458  355  858 2907
  474  644 1315 2521
  504  371 1656 2542
  509  451 1794 2522
  521  550 1287 2592
  535  362 1138 2549
  541  576 1661 2504
  565  266 1688 2526
  567  521 1302 2592
  590  253 1476 2603
  591  727 1227 2663
  615  346 1351 2344
  621  574 1683 2484
  647  357 1182 2552
  657  287 1429 2607
  670  343 1807 2780
  688  529 1091 2432
  717  251 1458 2590
  720  727 1225 2662
  755  264 1522 2597
  770  430 1368 2504
  776  583 1684 2500
  798  369 1563 2591
  809  323 1396 2571
  819  355  858 2907
  835  644 1315 2521
  865  382 1645 2541
  871  578 1712 2504
  894  360 1182 2548
  905  322 1377 2569
  913  355  857 2907
  929  644 1315 2521
  959  382 1645 2541
  965  578 1712 2504
  994  369 1437 2552
 1004  246 1484 2601
 1005  726 1228 2663
 1029  352 1327 2342
 1044  644 1512 2465
 1071  380 1411 2515
 1079  352 1225 2184
 1089  347 1707 2246
 1098  312  800 2254
 1105  571 1478 2325
 1130  380 1449 2548
 1146  367 1651 2681
 1147  531 1299 2608
 1158  431 1300 2510
 1164  370 1138 2539
 1167  631 1202 2458
 1190  383 1723 2231
 1191  578 1720 2491
 1237  355 1759 2680
 1248  351 1605 2589
 1252  368 1595 2328
 1293  370 1428 2536
 1301  577 1690 2503
 1325  360 1162 2149
 1326  531 1250 2554
 1343  427 1251 2488
 1350  317  758 2269
 1355  589 1128 2371
 1387  442 1320 2492
 1399  443 1370 2506
    1  329 1308 2518
   13  321 1286 2462
   24  339 1096 1482
   29  344 1999 2248
   63  395 1149 2133
   72  696 1194 2625
  109  331 1224 2143
  119  285 1431 2587
  132  343 1808 2778
  152  529 1091 2432
  188  498  943 2340
    1  333 1255 2506
   13  321 1284 2462
   24  339 1096 1482
   29  344 1999 2248
   63  395 1149 2133
   72  696 1194 2625
  109  335 1184 2104
  122  359 1109 2111
  131  692 1190 2623
  168  342 1214 2136
  178  440 1326 2490
  187  701 1212 2661
  227  436 1397 2496
  293  443 1379 2507
    1  588 1677 2500
    9  598 1715 2500
   34  369 1708 2291
   49  344 1493 2528
   50  574 1697 2520
   69  256 1591 2590
   78  601 1190 2551
   81  618 1171 2550
  101  426 1341 2510
  106  235 1423 2501
  112  347 1107 1544
  115  529 1244 2344
  132  382 1815 2328
  134  578 1729 2482
  149  429 1376 2509
  154  236 1499 2593
  163  341 1550 2582
  171  312  793 2271
  177  571 1477 2327
  196  440 1369 2498
  202  356 1633 2573
  204  346 2053 2357
  230  312  793 2273
    1  340 1100 2080
   16  348 1088 2083
   24  493  891 2128
   48  323  838 2139
   49  478 1265 1660
   71  239 1493 2532
   80  343 1567 2572
   81  367 1491 2327
  101  531 1252 2572
  120  385 1103 2068
  126  355 1068 1462
  134  575 1654 2246
  163  429 1376 2498
  169  255 1514 2586
  170  565 1699 2526
  213  355 1759 2680
  224  350 1632 2599
  229  345 2053 2509
  261  348 1647 2602
  266  345 2054 2510
  298  348 1194 2195
  303  345 2009 2469
  335  358 1766 2285
  336  521 1121 2474
  361  485  901 2915
  362  543 1224 2631
  377  429 1340 2510
  388  326 1385 2567
  395  356  858 2907
  411  644 1315 2521
  439  361 1607 2545
  450  322 1398 2569
  458  355  858 2907
  474  644 1315 2521
  504  371 1656 2542
  509  451 1794 2522
  521  550 1287 2592
  535  362 1138 2549
  541  576 1661 2504
  565  266 1688 2526
  567  521 1302 2592
  590  253 1476 2603
  591  727 1227 2663
  615  346 1351 2344
  621  574 1683 2484
  647  357 1182 2552
  657  287 1429 2607
  670  343 1807 2780
  688  529 1091 2432
  717  251 1458 2590
  720  727 1225 2662
  755  264 1522 2597
  770  430 1368 2504
  776  583 1684 2500
  798  369 1563 2591
  809  323 1396 2571
  819  355  858 2907
  835  644 1315 2521
  865  382 1645 2541
  871  578 1712 2504
  894  360 1182 2548
  905  322 1377 2569
  913  355  857 2907
  929  644 1315 2521
  959  382 1645 2541
  965  578 1712 2504
  994  369 1437 2552
 1004  246 1484 2601
 1005  726 1228 2663
 1029  352 1327 2342
 1044  644 1512 2465
 1071  380 1411 2515
 1079  352 1225 2184
 1089  347 1707 2246
 1098  312  800 2254
 1105  571 1478 2325
 1130  380 1449 2548
 1146  367 1651 2681
 1147  531 1299 2608
 1158  431 1300 2510
 1164  370 1138 2539
 1167  631 1202 2458
 1190  383 1723 2231
 1191  578 1720 2491
 1237  355 1759 2680
 1248  351 1605 2589
 1252  368 1595 2328
 1293  370 1428 2536
 1301  577 1690 2503
 1325  360 1162 2149
 1326  531 1250 2554
 1343  427 1251 2488
 1350  317  758 2269
 1355  589 1128 2371
 1387  442 1320 2492
 1399  443 1370 2506
    1  329 1308 2518
   13  321 1286 2462
   24  339 1096 1482
   29  344 1999 2248
   63  395 1149 2133
   72  696 1194 2625
  109  331 1224 2143
  119  285 1431 2587
  132  343 1808 2778
  152  529 1091 2432
  188  498  943 2340
    1  333 1255 2506
   13  321 1284 2462
   24  339 1096 1482
   29  344 1999 2248
   63  395 1149 2133
   72  696 1194 2625
  109  335 1184 2104
  122  359 1109 2111
  131  692 1190 2623
  168  342 1214 2136
  178  440 1326 2490
  187  701 1212 2661
  227  436 1397 2496
  293  443 1379 2507
    1  588 1677 2500
    9  598 1715 2500
   34  369 1708 2291
   49  344 1493 2528
   50  574 1697 2520
   69  256 1591 2590
   78  601 1190 2551
   81  618 1171 2550
  101  426 1341 2510
  106  235 1423 2501
  112  347 1107 1544
  115  529 1244 2344
    1  340 1100 2080
   16  348 1088 2083
   24  493  891 2128
   48  323  838 2139
   49  478 1265 1660
   71  239 1493 2532
   80  343 1567 2572
   81  367 1491 2327
  101  531 1252 2572
  120  385 1103 2068
  126  355 1068 1462
  134  575 1654 2246
  163  429 1376 2498
  169  255 1514 2586
  170  565 1699 2526
  213  355 1759 2680
  224  350 1632 2599
  229  345 2053 2509
  261  348 1647 2602
  266  345 2054 2510
  298  348 1194 2195
  303  345 2009 2469
  335  358 1766 2285
  336  521 1121 2474
  361  485  901 2915
  362  543 1224 2631
  377  429 1340 2510
  388  326 1385 2567
  395  356  858 2907
  411  644 1315 2521
  439  361 1607 2545
  450  322 1398 2569
  458  355  858 2907
  474  644 1315 2521
  504  371 1656 2542
  509  451 1794 2522
  521  550 1287 2592
  535  362 1138 2549
  541  576 1661 2504
  565  266 1688 2526
  567  521 1302 2592
  590  253 1476 2603
  591  727 1227 2663
  615  346 1351 2344
  621  574 1683 2484
  647  357 1182 2552
  657  287 1429 2607
  670  343 1807 2780
  688  529 1091 2432
  717  251 1458 2590
  720  727 1225 2662
  755  264 1522 2597
  770  430 1368 2504
  776  583 1684 2500
  798  369 1563 2591
  809  323 1396 2571
  819  355  858 2907
  835  644 1315 2521
  865  382 1645 2541
  871  578 1712 2504
  894  360 1182 2548
  905  322 1377 2569
  913  355  857 2907
  929  644 1315 2521
  959  382 1645 2541
  965  578 1712 2504
  994  369 1437 2552
 1004  246 1484 2601
 1005  726 1228 2663
 1029  352 1327 2342
 1044  644 1512 2465
 1071  380 1411 2515
 1079  352 1225 2184
 1089  347 1707 2246
 1098  312  800 2254
 1105  571 1478 2325
 1130  380 1449 2548
 1146  367 1651 2681
 1147  531 1299 2608
 1158  431 1300 2510
 1164  370 1138 2539
 1167  631 1202 2458
 1190  383 1723 2231
 1191  578 1720 2491
 1237  355 1759 2680
 1248  351 1605 2589
 1252  368 1595 2328
 1293  370 1428 2536
 1301  577 1690 2503
 1325  360 1162 2149
 1326  531 1250 2554
 1343  427 1251 2488
 1350  317  758 2269
 1355  589 1128 2371
 1387  442 1320 2492
 1399  443 1370 2506
    1  329 1308 2518
   13  321 1286 2462
   24  339 1096 1482
   29  344 1999 2248
   63  395 1149 2133
   72  696 1194 2625
  109  331 1224 2143
  119  285 1431 2587
  132  343 1808 2778
  152  529 1091 2432
  188  498  943 2340
    1  333 1255 2506
   13  321 1284 2462
   24  339 1096 1482
   29  344 1999 2248
   63  395 1149 2133
   72  696 1194 2625
  109  335 1184 2104
  122  359 1109 2111
  131  692 1190 2623
  168  342 1214 2136
  178  440 1326 2490
  187  701 1212 2661
  227  436 1397 2496
  293  443 1379 2507
    1  600 1720 2520
    2  600 1720 2520
   48  355 1759 2680
   59  350 1632 2599
   64  345 2053 2509
   96  348 1647 2602
  101  345 2054 2510
  133  348 1194 2195
  138  345 2009 2469
  170  358 1766 2285
  171  521 1121 2474
  196  485  901 2915
  197  543 1224 2631
  212  429 1340 2510
  223  326 1385 2567
  230  356  858 2907
  246  644 1315 2521
  274  361 1607 2545
  285  322 1398 2569
  293  355  858 2907
  309  644 1315 2521
  337  352 1618 2548
  347  237 1492 2594
  350  581 1202 2554
  375  248 1070 2229
  389  335  992 2782
  399  269 1980 2567
  400  359 1432 2326
  432  236 1466 2583
  435  581 1199 2553
  460  248 1070 2229
  474  335  992 2782
  484  269 1980 2567
  485  359 1432 2326
  517  236 1466 2583
  520  581 1199 2553
  545  248 1070 2229
  559  335  992 2782
  569  269 1980 2567
  570  359 1432 2326
  602  244 1468 2589
  603  726 1226 2661
  627  352 1299 2342
  630  644 1284 2465
  642  478  975 2904
  645  323 1264 2372
  646  527 1260 2577
  663  337 1142 2125
  668  447 1743 2480
  692  371 1459 2551
  700  366 1539 2596
  701  531 1287 2599
  723  253 1476 2603
  725  727 1227 2663
  758  378 1578 2578
  770  372 1749 2287
  773  739 1254 2631
  810  368 1151 2558
  821  323 1375 2570
  829  355  857 2907
  845  644 1315 2521
  873  363 1654 2522
  882  344 1765 2304
  895  287 1705 2679
  900  685 1250 2679
  931  236 1169 2181
  935  437 1745 2486
  955  429 1375 2505
  966  326 1386 2567
  975  356  858 2907
  991  644 1315 2521
 1019  363 1654 2522
 1029  347 1729 2263
 1038  307  806 2255
 1041  471 1565 2325
 1070  357 2045 2417
 1095  346 1749 2273
 1105  312  803 2256
 1112  571 1478 2325
 1137  380 1449 2548
 1153  367 1651 2681
 1154  531 1299 2608
 1165  431 1300 2510
 1171  370 1138 2539
 1173  631 1202 2458
 1194  364 1732 2211
 1206  346 1797 2265
 1213  277 1979 2566
 1245  346 2000 2472
 1273  344 1689 2285
 1279  302  842 2297
 1294  344  882 2789
 1306  324 1375 2614
 1317  361 1594 2595
 1324  576 1707 2509
 1349  380 1449 2552
 1357  360 1591 2590
 1358  450 1671 2526
 1374  425 1546 2046
 1384  353 1107 2184
 1392  354  833 2891
 1396  593 1136 2584
 1428  372 1376 2550
 1435  315 1304 2562
 1436  526 1264 2596
 1453  358 1092 2210
 1461  354  833 2893
 1465  593 1136 2584
 1497  374 1391 2550
 1510  331 1413 2502
 1512  479 1322 1696
 1551  359 1619 2584
 1561  349 1110 2211
 1572  354  833 2893
 1576  593 1136 2584
 1610  395 1429 2546
 1619  579 1690 2504
 1642  433 1404 2516
 1653  287 1683 2672
 1654  442 1680 2535
 1669  450 1402 2499
 1685  654 1519 2480
 1711  430 1400 2505
 1717  255 1517 2585
 1723  565 1699 2508
 1752  369 1386 2518
 1762  224 1164 2185
 1768  332 2006 2468
 1792  343 2100 2525
 1820  344 1689 2285
 1826  302  842 2297
 1842  344  882 2789
 1856  342 1390 2606
 1858  574 1687 2510
 1871  439 1450 2501
 1873  354 2035 2500
 1903  645 1583 2505
 1924  430 1400 2505
 1929  234 1479 2589
 1939  315 1378 2465
 1948  344 1086 1483
 1956  448 1737 2266
 1986  431 1460 2490
 1990  353 2036 2499
 2018  344 1689 2285
 2024  302  842 2297
 2040  344  882 2789
 2054  345 1291 2606
 2056  610  965 2506
 2069  509  957 2891
 2085  660 1325 2520
 2108  430 1381 2505
 2113  226 1487 2592
 2123  217 1531 2594
 2127  332 2043 2509
 2157  350 1609 2593
 2163  368 1395 2329
 2194  344 2006 2481
 2222  344 1689 2285
 2228  302  842 2297
 2241  344  882 2789
 2253  318 1352 2614
 2263  285 1438 2610
 2276  343 1808 2781
 2296  529 1091 2432
 2334  660 1471 2464
 2357  430 1400 2505
 2362  226 1490 2592
 2372  217 1532 2594
 2376  332 2043 2509
 2406  348 1647 2602
 2413  345 2054 2510
 2439  343 2100 2525
 2467  344 1689 2285
 2472  302  842 2297
 2500  344  882 2789
 2514  318 1352 2614
 2526  306 1434 2601
    1  217 1494 2600
   10  220 1514 2600
   19  343 1567 2539
   30  353 1091 1487
   31  575 1657 2266
    1  600 1720 2520
    2  600 1720 2520
   48  355 1759 2680
   59  350 1632 2599
   64  345 2053 2509
   96  348 1647 2602
  101  345 2054 2510
  133  348 1194 2195
  138  345 2009 2469
  170  358 1766 2285
  171  521 1121 2474
  196  485  901 2915
  197  543 1224 2631
  212  429 1340 2510
  223  326 1385 2567
  230  356  858 2907
  246  644 1315 2521
  274  361 1607 2545
  285  322 1398 2569
  293  355  858 2907
  309  644 1315 2521
  337  352 1618 2548
  347  237 1492 2594
  350  581 1202 2554
  375  248 1070 2229
  389  335  992 2782
  399  269 1980 2567
  400  359 1432 2326
  432  236 1466 2583
  435  581 1199 2553
  460  248 1070 2229
  474  335  992 2782
  484  269 1980 2567
  485  359 1432 2326
  517  236 1466 2583
  520  581 1199 2553
  545  248 1070 2229
  559  335  992 2782
  569  269 1980 2567
  570  359 1432 2326
  602  244 1468 2589
  603  726 1226 2661
  627  352 1299 2342
  630  644 1284 2465
  642  478  975 2904
  645  323 1264 2372
  646  527 1260 2577
  663  337 1142 2125
  668  447 1743 2480
  692  371 1459 2551
  700  366 1539 2596
  701  531 1287 2599
  723  253 1476 2603
  725  727 1227 2663
  758  378 1578 2578
  770  372 1749 2287
  773  739 1254 2631
  810  368 1151 2558
  821  323 1375 2570
  829  355  857 2907
  845  644 1315 2521
  873  363 1654 2522
  882  344 1765 2304
  895  287 1705 2679
  900  685 1250 2679
  931  236 1169 2181
  935  437 1745 2486
  955  429 1375 2505
  966  326 1386 2567
  975  356  858 2907
  991  644 1315 2521
 1019  363 1654 2522
 1029  347 1729 2263
 1038  307  806 2255
 1041  471 1565 2325
 1070  357 2045 2417
 1095  346 1749 2273
 1105  312  803 2256
 1112  571 1478 2325
 1137  380 1449 2548
 1153  367 1651 2681
 1154  531 1299 2608
 1165  431 1300 2510
 1171  370 1138 2539
 1173  631 1202 2458
 1194  364 1732 2211
 1206  346 1797 2265
 1213  277 1979 2566
 1245  346 2000 2472
 1273  344 1689 2285
 1279  302  842 2297
 1294  344  882 2789
 1306  324 1375 2614
 1317  361 1594 2595
 1324  576 1707 2509
 1349  380 1449 2552
 1357  360 1591 2590
 1358  450 1671 2526
 1374  425 1546 2046
 1384  353 1107 2184
 1392  354  833 2891
 1396  593 1136 2584
 1428  372 1376 2550
 1435  315 1304 2562
 1436  526 1264 2596
 1453  358 1092 2210
 1461  354  833 2893
 1465  593 1136 2584
 1497  374 1391 2550
 1510  331 1413 2502
 1512  479 1322 1696
 1551  359 1619 2584
 1561  349 1110 2211
 1572  354  833 2893
 1576  593 1136 2584
 1610  395 1429 2546
 1619  579 1690 2504
 1642  433 1404 2516
 1653  287 1683 2672
 1654  442 1680 2535
 1669  450 1402 2499
 1685  654 1519 2480
 1711  430 1400 2505
 1717  255 1517 2585
 1723  565 1699 2508
 1752  369 1386 2518
 1762  224 1164 2185
 1768  332 2006 2468
 1792  343 2100 2525
 1820  344 1689 2285
 1826  302  842 2297
 1842  344  882 2789
 1856  342 1390 2606
 1858  574 1687 2510
 1871  439 1450 2501
 1873  354 2035 2500
 1903  645 1583 2505
 1924  430 1400 2505
 1929  234 1479 2589
 1939  315 1378 2465
 1948  344 1086 1483
 1956  448 1737 2266
 1986  431 1460 2490
 1990  353 2036 2499
 2018  344 1689 2285
 2024  302  842 2297
 2040  344  882 2789
 2054  345 1291 2606
 2056  610  965 2506
 2069  509  957 2891
 2085  660 1325 2520
 2108  430 1381 2505
 2113  226 1487 2592
 2123  217 1531 2594
 2127  332 2043 2509
 2157  350 1609 2593
 2163  368 1395 2329
 2194  344 2006 2481
 2222  344 1689 2285
 2228  302  842 2297
 2241  344  882 2789
 2253  318 1352 2614
 2263  285 1438 2610
 2276  343 1808 2781
 2296  529 1091 2432
 2334  660 1471 2464
 2357  430 1400 2505
 2362  226 1490 2592
 2372  217 1532 2594
 2376  332 2043 2509
 2406  348 1647 2602
 2413  345 2054 2510
 2439  343 2100 2525
 2467  344 1689 2285
 2472  302  842 2297
 2500  344  882 2789
 2514  318 1352 2614
 2526  306 1434 2601
    1  217 1494 2600
   10  220 1514 2600
   19  343 1567 2539
   30  353 1091 1487
   31  575 1657 2266
   70  417 1463 2505
   85  303 1672 2668
  101  639 1546 2497
  124  430 1400 2505
  129  226 1490 2592
  139  217 1532 2594
  143  332 2043 2509
    1  579 1759 2537
    2  597 1723 2521
   48  355 1759 2680
   59  350 1632 2599
   64  345 2053 2509
   96  348 1647 2602
  101  345 2054 2510
  133  348 1194 2195
  138  345 2009 2469
  170  358 1766 2285
  171  521 1121 2474
  196  485  901 2915
  197  543 1224 2631
  212  429 1340 2510
  223  326 1385 2567
  230  356  858 2907
  246  644 1315 2521
  274  361 1607 2545
  285  322 1398 2569
  293  355  858 2907
  309  644 1315 2521
  337  352 1618 2548
  347  237 1492 2594
  350  581 1202 2554
  375  248 1070 2229
  389  335  992 2782
  399  269 1980 2567
  400  359 1432 2326
  432  236 1466 2583
  435  581 1199 2553
  460  248 1070 2229
  474  335  992 2782
  484  269 1980 2567
  485  359 1432 2326
  517  236 1466 2583
  520  581 1199 2553
  545  248 1070 2229
  559  335  992 2782
  569  269 1980 2567
  570  359 1432 2326
  602  244 1468 2589
  603  726 1226 2661
  627  352 1299 2342
  630  644 1284 2465
  642  478  975 2904
  645  323 1264 2372
  646  527 1260 2577
  663  337 1142 2125
  668  447 1743 2480
  692  371 1459 2551
  700  366 1539 2596
  701  531 1287 2599
  723  253 1476 2603
  725  727 1227 2663
  758  378 1578 2578
  770  372 1749 2287
  773  739 1254 2631
  810  368 1151 2558
  821  323 1375 2570
  829  355  857 2907
  845  644 1315 2521
  873  363 1654 2522
  882  344 1765 2304
  895  287 1705 2679
  900  685 1250 2679
  931  236 1169 2181
  935  437 1745 2486
  955  429 1375 2505
  966  326 1386 2567
  975  356  858 2907
  991  644 1315 2521
 1019  363 1654 2522
 1029  347 1729 2263
 1038  307  806 2255
 1041  471 1565 2325
 1070  357 2045 2417
 1095  346 1749 2273
 1105  312  803 2256
 1112  571 1478 2325
 1137  380 1449 2548
 1153  367 1651 2681
 1154  531 1299 2608
 1165  431 1300 2510
 1171  370 1138 2539
 1173  631 1202 2458
 1194  364 1732 2211
 1206  346 1797 2265
 1213  277 1979 2566
 1245  346 2000 2472
 1273  344 1689 2285
 1279  302  842 2297
 1294  344  882 2789
 1306  324 1375 2614
 1317  361 1594 2595
 1324  576 1707 2509
 1349  380 1449 2552
 1357  360 1591 2590
 1358  450 1671 2526
 1374  425 1546 2046
 1384  353 1107 2184
 1392  354  833 2891
 1396  593 1136 2584
 1428  372 1376 2550
 1435  315 1304 2562
 1436  526 1264 2596
 1453  358 1092 2210
 1461  354  833 2893
 1465  593 1136 2584
 1497  374 1391 2550
 1510  331 1413 2502
 1512  479 1322 1696
 1551  359 1619 2584
 1561  349 1110 2211
 1572  354  833 2893
 1576  593 1136 2584
 1610  395 1429 2546
 1619  579 1690 2504
 1642  433 1404 2516
 1653  287 1683 2672
 1654  442 1680 2535
 1669  450 1402 2499
 1685  654 1519 2480
 1711  430 1400 2505
 1717  255 1517 2585
 1723  565 1699 2508
 1752  369 1386 2518
 1762  224 1164 2185
 1768  332 2006 2468
 1792  343 2100 2525
 1820  344 1689 2285
 1826  302  842 2297
 1842  344  882 2789
 1856  342 1390 2606
 1858  574 1687 2510
 1871  439 1450 2501
 1873  354 2035 2500
 1903  645 1583 2505
 1924  430 1400 2505
 1929  234 1479 2589
 1939  315 1378 2465
 1948  344 1086 1483
 1956  448 1737 2266
 1986  431 1460 2490
 1990  353 2036 2499
 2018  344 1689 2285
 2024  302  842 2297
 2040  344  882 2789
 2054  345 1291 2606
 2056  610  965 2506
 2069  509  957 2891
 2085  660 1325 2520
 2108  430 1381 2505
 2113  226 1487 2592
 2123  217 1531 2594
 2127  332 2043 2509
 2157  350 1609 2593
 2163  368 1395 2329
 2194  344 2006 2481
 2222  344 1689 2285
 2228  302  842 2297
 2241  344  882 2789
 2253  318 1352 2614
 2263  285 1438 2610
 2276  343 1808 2781
 2296  529 1091 2432
 2334  660 1471 2464
 2357  430 1400 2505
 2362  226 1490 2592
 2372  217 1532 2594
 2376  332 2043 2509
 2406  348 1647 2602
 2413  345 2054 2510
 2439  343 2100 2525
 2467  344 1689 2285
 2472  302  842 2297
 2500  344  882 2789
 2514  318 1352 2614
 2526  306 1434 2601
    1  217 1494 2600
   10  220 1514 2600
   19  343 1567 2539
   30  353 1091 1487
   31  575 1657 2266
   70  417 1463 2505
   85  303 1672 2668
  101  639 1546 2497
  124  430 1400 2505
  129  226 1490 2592
  139  217 1532 2594
  143  332 2043 2509
    1  600 1720 2520
    2  600 1720 2520
    8  355 1759 2680
   10  350 1632 2599
   11  345 2053 2509
   15  348 1647 2602
   16  345 2054 2510
   20  348 1194 2195
   21  345 2009 2469
   25  358 1766 2285
   26  521 1121 2474
   34  485  901 2915
   35  543 1224 2631
   46  429 1340 2510
   48  326 1385 2567
   54  356  858 2907
   56  644 1315 2521
   60  361 1607 2545
   62  322 1398 2569
   68  355  858 2907
   70  644 1315 2521
   74  352 1618 2548
   76  237 1492 2594
   77  581 1202 2554
   81  248 1070 2229
   87  335  992 2782
   93  269 1980 2567
   94  359 1432 2326
   98  236 1466 2583
   99  581 1199 2553
  103  248 1070 2229
  109  335  992 2782
  115  269 1980 2567
  116  359 1432 2326
  120  236 1466 2583
  121  581 1199 2553
  125  248 1070 2229
  131  335  992 2782
  137  269 1980 2567
  138  359 1432 2326
  142  244 1468 2589
  143  726 1226 2661
  146  352 1299 2342
  149  644 1284 2465
  158  478  975 2904
  159  323 1264 2372
  160  527 1260 2577
  167  337 1142 2125
  168  447 1743 2480
  172  371 1459 2551
  174  366 1539 2596
  175  531 1287 2599
  182  253 1476 2603
  183  727 1227 2663
  188  378 1578 2578
  190  372 1749 2287
  191  739 1254 2631
  200  368 1151 2558
  202  323 1375 2570
  208  355  857 2907
  210  644 1315 2521
  214  363 1654 2522
  216  344 1765 2304
  218  287 1705 2679
  219  685 1250 2679
  224  236 1169 2181
  225  437 1745 2486
  233  429 1375 2505
  235  326 1386 2567
  241  356  858 2907
  243  644 1315 2521
  247  363 1654 2522
  249  347 1729 2263
  255  307  806 2255
  256  471 1565 2325
  260  357 2045 2417
  267  346 1749 2273
  273  312  803 2256
  274  571 1478 2325
  278  380 1449 2548
  281  367 1651 2681
  282  531 1299 2608
  293  431 1300 2510
  299  370 1138 2539
  300  631 1202 2458
  307  364 1732 2211
  309  346 1797 2265
  310  277 1979 2566
  314  346 2000 2472
  318  344 1689 2285
  324  302  842 2297
  330  344  882 2789
  332  324 1375 2614
  334  361 1594 2595
  335  576 1707 2509
  339  380 1449 2552
  341  360 1591 2590
  342  450 1671 2526
  353  425 1546 2046
  355  353 1107 2184
  361  354  833 2891
  362  593 1136 2584
  366  372 1376 2550
  367  315 1304 2562
  368  526 1264 2596
  375  358 1092 2210
  381  354  833 2893
  382  593 1136 2584
  386  374 1391 2550
  388  331 1413 2502
  389  479 1322 1696
  394  359 1619 2584
  396  349 1110 2211
  402  354  833 2893
  403  593 1136 2584
  408  395 1429 2546
  409  579 1690 2504
  417  433 1404 2516
  419  287 1683 2672
  420  442 1680 2535
  431  450 1402 2499
  434  654 1519 2480
  442  430 1400 2505
  443  255 1517 2585
  444  565 1699 2508
  448  369 1386 2518
  450  224 1164 2185
  451  332 2006 2468
  454  343 2100 2525
  458  344 1689 2285
  464  302  842 2297
  470  344  882 2789
  472  342 1390 2606
  473  574 1687 2510
  484  439 1450 2501
  485  354 2035 2500
  493  645 1583 2505
  501  430 1400 2505
  502  234 1479 2589
  504  315 1378 2465
  510  344 1086 1483
  511  448 1737 2266
  519  431 1460 2490
  520  353 2036 2499
  524  344 1689 2285
  530  302  842 2297
  536  344  882 2789
  538  345 1291 2606
  540  610  965 2506
  550  509  957 2891
  553  660 1325 2520
  561  430 1381 2505
  562  226 1487 2592
  564  217 1531 2594
  565  332 2043 2509
  569  350 1609 2593
  570  368 1395 2329
  574  344 2006 2481
  578  344 1689 2285
  584  302  842 2297
  590  344  882 2789
  592  318 1352 2614
  594  285 1438 2610
  595  343 1808 2781
  599  529 1091 2432
  607  660 1471 2464
  615  430 1400 2505
  616  226 1490 2592
  618  217 1532 2594
  619  332 2043 2509
  623  348 1647 2602
  624  345 2054 2510
  627  343 2100 2525
  631  344 1689 2285
  632  302  842 2297
  635  344  882 2789
  637  318 1352 2614
  638  306 1434 2601
    1  217 1494 2600
    3  220 1514 2600
    5  343 1567 2539
   11  353 1091 1487
   12  575 1657 2266
   21  417 1463 2505
   23  303 1672 2668
   26  639 1546 2497
   34  430 1400 2505
   35  226 1490 2592
   37  217 1532 2594
   38  332 2043 2509
   42  321 1472 2617
   43  347 1812 2781
   47  529 1091 2432
   53  357 1987 2483
   57  344 1689 2285
   63  302  842 2297
   69  344  882 2789
   71  342 1390 2608
   72  574 1687 2528
   77  355 1582 2560
   79  361 1186 2139
   80  482 1300 1660
   88  378 1430 2505
   89  577 1691 2500
   97  440 1388 2509
   98  356 1573 2593
  100  351 1586 2584
  101  368 1393 2328
  105  576 1660 2481
  109  397 1205 2149
  111  364 1586 2572
  112  576 1706 2507
  120  440 1325 2475
  122  367 1154 2133
  123  483 1297 1659
  131  378 1430 2505
  132  577 1691 2500
  140  440 1388 2509
  141  356 1573 2593
  143  351 1586 2584
  144  368 1393 2328
  148  576 1660 2481
  152  391 1182 2149
  154  288 1429 2587
  155  343 1807 2778
  159  529 1091 2432
  166  329 1415 2597
  167  347 1806 2779
  171  529 1091 2432
  179  660 1471 2464
  187  430 1400 2505
  188  226 1490 2592
  190  217 1532 2587
  191  332 2043 2358
  199  312  793 2273
  200  589 1132 2372
  208  436 1415 2492
  209  354 2031 2499
  213  344 1689 2285
  219  302  842 2297
  225  344  882 2789
  227  324 1375 2614
  229  345 1544 2583
  235  312  792 2271
  236  571 1477 2327
  244  477  933 2879
  245  299 1079 2145
  247  357 1124 2108
  248  482 1294 1657
  256  378 1430 2505
  257  577 1691 2500
  265  440 1388 2509
  266  356 1573 2593
  268  351 1586 2584
  269  368 1393 2328
  273  576 1660 2481
  277  397 1205 2149
  279  364 1586 2572
  280  576 1706 2507
  288  440 1325 2475
  290  367 1154 2133
  291  483 1297 1659
  299  378 1430 2505
  300  577 1691 2500
  308  440 1388 2509
  309  356 1573 2593
  311  351 1586 2584
  312  368 1393 2328
  316  576 1660 2481
  320  391 1182 2149
  322  288 1429 2587
  323  343 1807 2778
  327  529 1091 2432
  334  329 1415 2597
  335  347 1806 2779
  339  529 1091 2432
  347  660 1471 2464
  355  430 1400 2505
  356  236 1526 2566
  358  356 1773 2279
  359  575 1725 2495
  363  585 1593 2501
  370  482 1039 2922
  371  358 1843 2542
  375  344 1670 2285
  381  302  839 2297
  387  344  882 2789
  389  342 1390 2606
  390  574 1687 2510
  398  464 1379 2500
  401  655 1517 2481
  409  430 1400 2505
  410  255 1517 2585
  411  565 1699 2508
  415  373 1465 2559
  417  269 1735 2682
  418  337 2063 2518
  421  630 1290 2479
  426  365 2026 2426
  430  344 1689 2285
  436  302  842 2297
  442  344  882 2789
  444  345 1291 2606
  446  610  965 2506
  456  509  957 2891
  459  660 1325 2520
  467  430 1381 2505
  468  260 1451 2581
  469  620 1234 2463
  476  368 1447 2508
  477  347 2034 2500
  480  343 2100 2525
  484  344 1689 2285
  490  302  842 2297
  496  344  882 2789
  498  313 1363 2614
  500  221 1525 2595
  501  332 2042 2509
  504  575 1754 2525
  512  381 1220 2544
  513  578 1670 2504
  521  464 1379 2500
  524  655 1517 2481
  532  430 1400 2505
  533  255 1517 2585
  534  565 1699 2508
  538  369 1437 2552
  540  238 1483 2595
  541  581 1201 2554
  545  248 1070 2229
  551  335  992 2782
  557  269 1980 2567
  558  359 1432 2326
  562  222 1512 2581
  563  332 2041 2508
  566  343 2100 2525
  570  344 1689 2285
  576  302  842 2297
  582  344  882 2789
  584  313 1363 2614
  586  243 1480 2604
  587  726 1227 2663
  593  393 1512 2604
  594  534 1285 2600
  598  553 1302 2600
    1  365 1729 2276
    3  372 1757 2272
    4  739 1255 2630
   13  394 1165 2552
   16  648 1496 2486
   24  430 1400 2505
   25  255 1498 2585
   26  565 1547 2508
   33  501  992 2923
   34  590 1497 2560
   40  355 1803 2672
   41  345 2070 2517
   45  344 1689 2285
   51  302  842 2297
   57  344  882 2789
   59  348 1366 2605
   62  644 1516 2491
   70  430 1400 2505
   71  255 1517 2585
   72  565 1699 2508
   76  377 1426 2548
   78  324 1454 2547
   79  342 2035 2504
   82  343 2100 2525
   86  344 1689 2285
   92  302  842 2297
   98  344  882 2789
  100  356 1325 2619
  101  737 1212 2664
  112  472 1348 2509
  115  656 1514 2481
  123  430 1400 2505
  124  255 1517 2585
  125  565 1699 2508
  133  429 1325 2475
  135  227 1161 2183
  136  333 2006 2468
  140  345 1814 2291
  141  277 1981 2569
  145  346 2000 2472
  149  344 1689 2285
  155  302  842 2297
  161  344  882 2789
  163  324 1375 2614
  165  361 1594 2595
  166  576 1707 2509
  174  464 1379 2500
  177  655 1517 2481
  185  430 1400 2505
  186  236 1439 2559
  188  344 1166 2187
  189  344 2006 2468
  194  267 1765 2693
  195  337 2066 2519
  198  343 2100 2525
  202  344 1689 2285
  208  302  842 2297
  214  344  882 2789
  216  324 1312 2580
  218  348 1160 2188
  219  345 2006 2468
  222  575 1754 2525
  227  404 1440 2543
  230  649 1523 2485
  239  430 1400 2505
  241  236 1502 2592
  243  343 1566 2538
  249  356 1081 1485
  251  644 1487 2229
  259  435 1390 2494
  260  296 1338 2618
  266  356  954 2892
  267  575 1418 2557
  273  304 1460 2334
  274  340 2036 2483
  278  344 1689 2285
  284  302  842 2297
  290  344  882 2789
  292  356 1325 2619
  293  737 1212 2664
  304  472 1348 2509
  307  656 1514 2481
  315  430 1400 2505
  316  255 1517 2585
  317  565 1699 2508
  321  369 1386 2518
  323  224 1164 2185
  324  332 2006 2468
  327  343 2100 2525
  331  344 1689 2285
  337  302  842 2297
  343  344  882 2789
  345  342 1390 2606
  346  574 1687 2510
  357  439 1450 2501
  358  354 2035 2500
  366  645 1583 2505
  374  430 1400 2505
  375  255 1517 2585
  376  565 1699 2508
  380  373 1465 2559
  382  269 1735 2682
  383  337 2063 2518
  386  630 1290 2479
  391  365 2026 2426
  395  344 1689 2285
  401  302  842 2297
  407  344  882 2789
  409  345 1291 2606
  411  610  965 2506
  421  509  957 2891
  424  660 1325 2520
  432  430 1381 2505
  433  255 1514 2585
  434  565 1699 2508
  438  369 1437 2552
  440  238 1483 2595
  441  581 1201 2554
  445  248 1070 2229
  451  335  992 2782
  457  269 1980 2567
  458  359 1432 2326
  462  222 1512 2581
  463  332 2041 2508
  466  343 2100 2525
  470  344 1689 2285
  476  302  842 2297
  482  344  882 2789
  484  313 1363 2614
  486  243 1480 2604
  487  726 1227 2663
  492  378 1578 2578
  494  372 1749 2287
  495  739 1254 2631
  504  394 1165 2552
  507  648 1496 2486
  515  430 1400 2505
  516  226 1490 2592
  518  217 1532 2594
  519  332 2043 2509
  523  348 1647 2602
  524  345 2054 2510
  527  343 2100 2525
  531  344 1689 2285
  537  302  842 2297
  543  344  882 2789
  545  313 1363 2614
  546  228 1497 2601
  548  343 1566 2539
  554  353 1091 1487
  555  575 1657 2266
  564  417 1463 2505
  566  303 1672 2668
  569  639 1546 2497
  577  430 1400 2505
  578  260 1453 2581
  579  620 1234 2463
  586  368 1447 2508
  587  347 2034 2500
  590  343 2100 2525
  594  344 1689 2285
  600  302  842 2297
  606  344  882 2789
  608  313 1363 2614
  610  221 1525 2595
  611  332 2042 2509
  614  575 1754 2525
  619  362 1142 2548
  620  361 1167 2553
    1  582 1650 2503
    2  598 1713 2500
   10  464 1379 2500
   13  655 1517 2481
   21  430 1400 2505
   22  234 1479 2589
   24  324 1417 2504
   25  478 1323 1696
   30  349 1669 2618
   32  245 1496 2604
   33  726 1229 2663
   36  346 1351 2344
   37  574 1683 2484
   41  369 1708 2291
   43  325 1541 2526
   44  343 2044 2502
   48  344 1689 2285
   54  302  842 2297
   60  344  882 2789
   62  321 1337 2608
   64  328 1302 2478
   65  479 1311 1694
   68  307 1411 2272
   69  341 2031 2477
   76  350 1609 2593
   77  368 1395 2329
   83  646 1490 2462
   91  430 1400 2505
   92  234 1479 2589
   94  324 1417 2504
   95  478 1323 1696
  100  349 1669 2618
  102  245 1496 2604
  103  726 1229 2663
  109  254 1443 2578
  115  314  769 2280
  116  688 1156 2490
  121  361 2077 2480
  125  344 1689 2285
  131  302  842 2297
  137  344  882 2789
  139  324 1375 2614
  141  345 1544 2583
  147  312  792 2271
  148  571 1477 2327
  156  477  933 2879
  158  328 1091 2184
  159  689 1189 2630
  164  384 1212 2313
  172  340 1033 2563
  178  367  879 2898
  179  675 1167 2674
  186  363 1535 2570
  188  372 1747 2286
  189  739 1254 2631
  194  378 1205 2233
  195  352 1785 2743
  201  702 1227 2600
  207  324 1340 2328
  208  518 1078 2478
  214  372 1388 2492
  215  483 1320 1695
  219  374 1670 2232
  220  532 1300 2563
  231  354 1118 2518
  233  341 1064 2178
  239  359  919 2858
  240  575 1414 2535
  247  369 1680 2291
  249  315 1462 2534
  251  243 1485 2600
  252  726 1228 2663
  257  378 1578 2578
  259  360 1742 2278
  260  522 1119 2473
  268  485  901 2915
  269  543 1224 2631
  280  429 1340 2510
  282  339 1430 2545
  283  573 1691 2504
  291  362 1267 2544
  292  346 2016 2504
  299  362 1732 2303
  300  522 1118 2475
  311  485  901 2915
  312  543 1224 2631
  323  432 1387 2488
  325  353 1720 2296
  331  350  858 2894
  332  521 1030 2534
  336  358 1369 2571
  338  645 1516 2488
  345  430 1634 2071
  347  236 1646 2511
  353  341 1029 2779
  355  346 1697 2276
  361  309  774 2255
  362  516 1022 2321
  367  233 1565 2569
  368  266 1956 2596
  372  532 1236 2563
  379  354 1776 2283
  380  278 1977 2568
  385  226 1445 2546
  391  314  857 2283
  392  589 1138 2373
  403  436 1377 2473
  405  351 1715 2261
  411  308  766 2245
  412  489  859 2144
  415  318 1300 2186
  416  478 1311 1664
  422  536 1073 2415
  427  361 1569 2583
  428  450 1635 2526
  436  474 1045 2906
  437  374 1722 2372
  438  532 1306 2577
  445  367 1381 2572
  451  358  858 2907
  453  645 1315 2521
  457  363 1630 2548
  459  363 1607 2592
  460  576 1708 2509
  464  380 1449 2552
  466  367 1538 2596
  467  531 1287 2599
  471  553 1302 2600
    1  600 1720 2520
    2  600 1720 2520
   48  355 1759 2680
   59  350 1632 2599
   64  345 2053 2509
   96  348 1647 2602
  101  345 2054 2510
  133  348 1194 2195
  138  345 2009 2469
  170  358 1766 2285
  171  521 1121 2474
  196  485  901 2915
  197  543 1224 2631
  212  429 1340 2510
  223  326 1385 2567
  230  356  858 2907
  246  644 1315 2521
  274  361 1607 2545
  285  322 1398 2569
  293  355  858 2907
  309  644 1315 2521
  337  352 1618 2548
  347  237 1492 2594
  350  581 1202 2554
  375  248 1070 2229
  389  335  992 2782
  399  269 1980 2567
  400  359 1432 2326
  432  236 1466 2583
  435  581 1199 2553
  460  248 1070 2229
  474  335  992 2782
  484  269 1980 2567
  485  359 1432 2326
  517  236 1466 2583
  520  581 1199 2553
  545  248 1070 2229
  559  335  992 2782
  569  269 1980 2567
  570  359 1432 2326
  602  244 1468 2589
  603  726 1226 2661
  627  352 1299 2342
  630  644 1284 2465
  642  478  975 2904
  645  323 1264 2372
  646  527 1260 2577
  663  337 1142 2125
  668  447 1743 2480
  692  371 1459 2551
  700  366 1539 2596
  701  531 1287 2599
  723  253 1476 2603
  725  727 1227 2663
  758  378 1578 2578
  770  372 1749 2287
  773  739 1254 2631
  810  368 1151 2558
  821  323 1375 2570
  829  355  857 2907
  845  644 1315 2521
  873  363 1654 2522
  882  344 1765 2304
  895  287 1705 2679
  900  685 1250 2679
  931  236 1169 2181
  935  437 1745 2486
  955  429 1375 2505
  966  326 1386 2567
  975  356  858 2907
  991  644 1315 2521
 1019  363 1654 2522
 1029  347 1729 2263
 1038  307  806 2255
 1041  471 1565 2325
 1070  357 2045 2417
 1095  346 1749 2273
 1105  312  803 2256
 1112  571 1478 2325
 1137  380 1449 2548
 1153  367 1651 2681
 1154  531 1299 2608
 1165  431 1300 2510
 1171  370 1138 2539
 1173  631 1202 2458
 1194  364 1732 2211
 1206  346 1797 2265
 1213  277 1979 2566
 1245  346 2000 2472
 1273  344 1689 2285
 1279  302  842 2297
 1294  344  882 2789
 1306  324 1375 2614
 1317  361 1594 2595
 1324  576 1707 2509
 1349  380 1449 2552
 1357  360 1591 2590
 1358  450 1671 2526
 1374  425 1546 2046
 1384  353 1107 2184
 1392  354  833 2891
 1396  593 1136 2584
 1428  372 1376 2550
 1435  315 1304 2562
 1436  526 1264 2596
 1453  358 1092 2210
 1461  354  833 2893
 1465  593 1136 2584
 1497  374 1391 2550
 1510  331 1413 2502
 1512  479 1322 1696
 1551  359 1619 2584
 1561  349 1110 2211
 1572  354  833 2893
 1576  593 1136 2584
 1610  395 1429 2546
 1619  579 1690 2504
 1642  433 1404 2516
 1653  287 1683 2672
 1654  442 1680 2535
 1669  450 1402 2499
 1685  654 1519 2480
 1711  430 1400 2505
 1717  255 1517 2585
 1723  565 1699 2508
 1752  369 1386 2518
 1762  224 1164 2185
 1768  332 2006 2468
 1792  343 2100 2525
 1820  344 1689 2285
 1826  302  842 2297
 1842  344  882 2789
 1856  342 1390 2606
 1858  574 1687 2510
 1871  439 1450 2501
 1873  354 2035 2500
